3.74801516533
4.34092736244
4.91314291954
5.52990674973
6.10111856461
6.69451451302
7.37623548508
8.05720949173
8.69423866272
9.33220934868
9.94739675522
10.542178154
11.1125481129
11.7282335758
12.3216178417
12.8942966461
13.4882369041
14.1036324501
14.6722247601
15.2664673328
15.8392701149
16.3864731789
17.0239012241
17.6173319817
18.1902122498
18.783983469
19.331166029
19.8809394836
20.561262846
21.1552152634
21.7478616238
22.3189280033
22.9553995132
23.6371893883
24.2738916874
24.8470842838
25.419162035
26.0136940479
26.6062378883
27.1998898983
27.7959187031
28.3693904877
29.0500006676
29.6879656315
