3.67942619324
4.27407431602
4.98020267487
5.79010224342
6.5166285038
7.17536568642
7.92165541649
8.69112730026
9.48075938225
10.1401443481
10.7988712788
11.4572515488
12.1149179935
12.8606140614
13.5652928352
14.2673931122
14.9917197227
15.714812994
16.3751840591
17.0340518951
17.7579550743
18.417961359
19.1677286625
19.6939585209
20.2665643692
20.7729830742
21.3453211784
21.8712165356
22.3548204899
22.8817558289
23.3656976223
23.8486058712
24.3336961269
24.8159341812
25.3443574905
25.8497486115
26.3560702801
26.8387517929
27.3234231472
27.827685833
28.3767800331
28.9269762039
29.430867672
