3.65717029572
4.48667550087
4.97701191902
5.35221505165
5.83852338791
6.27751755714
6.76242756844
7.18095970154
7.70500636101
8.23315024376
8.82664775848
9.41741871834
9.96668171883
10.538695097
11.1097459793
11.6146521568
12.1877655983
12.781796217
13.3078899384
13.9013574123
14.4299237728
14.9564394951
15.5283067226
16.0786254406
16.6284461021
17.2007353306
17.7499568462
18.3204143047
18.8485925198
19.4197101593
19.9677467346
20.518178463
21.0898990631
21.6619699001
22.1884374619
22.7381989956
23.2892246246
23.8599255085
24.408618927
24.9807262421
25.5279488564
26.0802915096
26.6323180199
27.2024934292
27.7294561863
28.279718399
28.8503522873
29.4009296894
