3.61694526672
4.27581477165
4.9560739994
5.59248828888
6.26327776909
6.86515307426
7.59202170372
8.2505671978
8.88956522942
9.5940413475
10.3194987774
11.0439920425
11.63773489
12.3623998165
12.9560704231
13.6588685513
14.2510340214
14.8873624802
15.5239920616
16.1828637123
16.7994441986
17.4787800312
18.0719814301
18.7095041275
19.3472440243
19.9856817722
20.6451809406
21.2617580891
21.8542673588
22.5356178284
23.151134491
23.8138842583
24.4301016331
25.0251278877
25.726326704
26.3419599533
27.0232064724
27.6369037628
28.2952775955
28.9320039749
29.5478503704
