3.68185734749
4.17695093155
4.6472299099
5.1310942173
5.60328674316
6.07615947723
6.51518845558
6.99803495407
7.48186516762
7.94272661209
8.40395021439
8.88699364662
9.35001444817
9.8338394165
10.2722699642
10.7577896118
11.2181749344
11.7040946484
12.1868882179
12.6706707478
13.1093690395
13.5915458202
14.0547828674
14.5589101315
15.0222642422
15.5050055981
15.9673266411
16.4490065575
16.9111423492
17.4179050922
17.8785400391
18.3638217449
18.8702044487
19.311062336
19.7507822514
20.2579324245
20.7611188889
21.2238013744
21.6832187176
22.1657819748
22.6278400421
23.0891282558
23.573829174
24.0144796371
24.4982714653
24.9827575684
25.4454958439
25.9293792248
26.4118902683
26.8740711212
27.3584959507
27.8219821453
28.3043944836
28.764611721
29.2272167206
29.7323668003
