3.3723192215
3.89839220047
4.43126440048
4.87426638603
5.31474804878
5.80074572563
6.54730057716
6.94922709465
7.47886013985
7.92021346092
8.407964468
8.85113215446
9.29166054726
9.82303071022
10.3539106846
10.7980709076
11.3043780327
11.7494168282
12.2353920937
12.7665259838
13.2970664501
13.7616357803
14.2021324635
14.6439714432
15.1541068554
15.6196041107
16.1313607693
16.5762262344
17.063747406
17.5478978157
17.9898626804
18.4326844215
18.8734025955
19.3133442402
19.7589464188
20.2017724514
20.6424541473
21.0850257874
21.5913555622
22.0348303318
22.4790055752
22.9192168713
23.4607610703
23.9448390007
24.4417097569
24.925914526
25.382496357
25.8335123062
26.2547488213
26.7086360455
27.1833591461
27.6930167675
28.2124257088
28.7109518051
29.2171983719
29.7697887421
