3.4453804493
3.9269797802
4.43290996552
4.95902037621
5.53095006943
6.08946990967
6.67064547539
7.15509009361
7.73692035675
8.29706501961
8.86800861359
9.46261143684
9.98753070831
10.492926836
11.0206975937
11.5384783745
12.055311203
12.5589151382
13.0654761791
13.5708966255
14.055617094
14.5384168625
15.0015544891
15.5282440186
16.0134050846
16.4957432747
16.9795176983
17.5594441891
18.0983541012
18.5823233128
19.0657804012
19.5478639603
20.0317783356
20.6472506523
21.2628395557
21.8801727295
22.4320776463
22.9383850098
23.4869599342
23.9948678017
24.6121201515
25.0947656631
25.5794465542
26.1387107372
26.6559593678
27.1933207512
27.7766349316
28.3492519855
28.9430997372
29.5799562931
