3.89805579185
4.39463281631
5.19366335869
5.98263955116
6.27590298653
7.19208979607
7.75529122353
8.26223158836
8.78981876373
9.3498146534
9.81326460838
10.3601791859
10.8888061047
11.3874995708
11.9249737263
12.4298915863
13.0002040863
13.4840800762
13.9770474434
14.5591266155
15.0655286312
15.6562829018
16.2521486282
16.7372972965
17.2527506351
17.7691121101
18.3413977623
18.9113278389
19.4616293907
19.9900662899
20.5375313759
21.1092646122
21.6803600788
22.1854295731
22.8003213406
23.4141705036
23.9744036198
24.5672569275
25.108232975
25.6801631451
26.1865272522
26.6697630882
27.2307944298
27.8115389347
28.2962872982
28.7790305614
29.3187754154
