3.58710336685
4.17910552025
4.73199129105
5.28504776955
5.68431758881
6.37695789337
7.11667275429
7.86889839172
8.60056853294
9.32931876183
9.92588424683
10.6102445126
11.2323608398
11.960735321
12.6667304039
13.3059117794
13.9240794182
14.5407276154
15.1591296196
15.7351038456
16.3435297012
17.0513198376
17.7381675243
18.4551634789
19.0766115189
19.697173357
20.272816658
20.8490684032
21.3780789375
21.9539625645
22.5062305927
23.0373454094
23.5687053204
24.209707737
24.785844326
25.3155007362
25.9559252262
26.6191549301
27.1479005814
27.6785840988
28.2118062973
28.7896385193
29.4086244106
