3.48569893837
3.94560933113
4.45301485062
4.93454575539
5.54880023003
6.01154971123
6.58249950409
7.04398417473
7.47361135483
7.90100669861
8.36402988434
8.80152726173
9.26164388657
9.76901459694
10.2293689251
10.7570421696
11.2833442688
11.7234201431
12.2496511936
12.7007713318
13.1931223869
13.7449371815
14.2482199669
14.8192620277
15.346922636
15.8298099041
16.3136074543
16.7961127758
17.2782800198
17.7623391151
18.2448122501
18.7289607525
19.2449874878
19.7846283913
20.290596962
20.8376326561
21.3464725018
21.8288369179
22.3357536793
22.8835551739
23.3667154312
23.8945775032
24.3767552376
24.858923912
25.3766622543
25.9596693516
26.4637477398
26.9698133469
27.4095101357
27.8953845501
28.3560972214
28.8407576084
29.3439993858
