3.37334346771
4.26732897758
4.76574754715
5.11122488976
5.61748933792
6.66493201256
7.546200037
8.33668398857
9.1088552475
9.86528754234
10.7118549347
10.9821066856
11.4887173176
12.127613306
12.6646814346
13.162753582
13.625058651
14.1283562183
14.5883426666
15.0938177109
15.6613020897
16.1572341919
16.6617236137
17.1788301468
17.6844296455
18.2329099178
18.7826311588
19.3537685871
19.9243798256
20.4311637878
21.0487189293
21.6473941803
22.1734287739
22.7010250092
23.2495863438
23.8673629761
24.3951637745
24.8989808559
25.4935052395
26.07726264
26.549639225
27.1000351906
27.6500089169
28.1319925785
28.6389620304
29.1439292431
29.7394800186
