3.69742822647
4.18369197845
4.62480998039
5.11206746101
5.57462978363
6.06008338928
6.52374625206
6.98671674728
7.45116329193
7.91342759132
8.40180659294
8.86564803123
9.32844686508
9.79413580894
10.2557377815
10.7440712452
11.2058393955
11.6926364899
12.137655735
12.6221544743
13.0878610611
13.5515048504
14.016551733
14.5086679459
14.9482009411
15.4294071198
15.887398243
16.3716135025
16.8317992687
17.2915101051
17.7756514549
18.2583332062
18.6988763809
19.1808772087
19.645737648
20.1064710617
20.5884034634
21.0721993446
21.5104072094
21.9942398071
22.4773523808
22.9397947788
23.4005699158
23.8827621937
24.3661940098
24.826492548
25.2675285339
25.7503242493
26.2111730576
26.6950240135
27.1549425125
27.6405632496
28.0789613724
28.5628159046
29.0459132195
29.5063714981
