3.76737546921
4.85994815826
5.86827301979
6.76708316803
7.75495839119
8.41646003723
9.20732545853
9.95281481743
10.7025821209
11.5791299343
12.2865769863
12.8590228558
13.4965388775
14.2625370026
14.8987731934
15.7088859081
16.476339817
16.9856717587
17.5567531586
18.1183853149
18.711755991
19.2815628052
19.864511013
20.4582417011
21.0080475807
21.578135252
22.1276595592
22.7440285683
23.3150749207
23.9062128067
24.5219883919
25.1397042274
25.6911511421
26.3505179882
26.9213960171
27.5150830746
28.1088414192
28.7244839668
29.2962572575
