3.48252296448
4.10850214958
4.72515678406
5.27576541901
5.89139676094
6.5048789978
7.11989545822
7.69106864929
8.28420901299
8.90170931816
9.5167734623
10.1086156368
10.7027249336
11.2955524921
11.911580801
12.5259656906
13.094997406
13.7112715244
14.3054409027
14.921736002
15.5147237778
16.129743576
16.7214720249
17.3146181107
17.9086179733
18.5235831738
19.1382439137
19.710098505
20.3229598999
20.9163725376
21.5311455727
22.1243710518
22.7178356647
23.3342738152
23.9477751255
24.5197079182
25.1349310875
25.7276091576
26.3210508823
26.9135260582
27.5289797783
28.1222715378
28.7173538208
29.3127896786
