3.68567490578
4.45192837715
5.0013051033
5.52900695801
6.03529334068
6.41191315651
7.13531255722
7.70528507233
8.24584627151
8.76368331909
9.31246638298
9.88532972336
10.4775311947
10.9812562466
11.4886593819
12.0365419388
12.6309020519
13.1375818253
13.6637089252
14.2136335373
14.7413365841
15.3339025974
15.8836870193
16.4116156101
16.9169814587
17.5119674206
18.1052262783
18.6774277687
19.1815960407
19.7747917175
20.389936924
20.9383466244
21.4887857437
22.1289722919
22.7654211521
23.3159127235
23.8430931568
24.3505253792
24.9429831505
25.5142798424
26.0432369709
26.5474193096
27.1414003372
27.6476511955
28.2636008263
28.7674610615
29.2744512558
29.7787368298
