3.59528541565
4.14114117622
4.66971373558
5.26340079308
5.8352394104
6.38246870041
6.8881084919
7.48224115372
8.052754879
8.57943964005
9.12829685211
9.72026515007
10.2707884312
10.820687294
11.389061451
11.9400424957
12.5105824471
13.0369405746
13.6296410561
14.15660882
14.7723679543
15.2980353832
15.8038306236
16.4194045067
16.9679243565
17.5380268097
18.1536083221
18.6607372761
19.2079892159
19.7589564323
20.3521418571
20.8777501583
21.405077219
22.0205667019
22.5457320213
23.1177384853
23.7327113152
24.2372283936
24.8533256054
25.3586468697
25.9304568768
26.4349839687
27.0083589554
27.5793044567
28.1271214485
28.6567747593
29.1822075844
29.7967386246
