3.7640209198
4.48731017113
5.18971347809
5.91502928734
6.57423877716
7.32233953476
8.02407455444
8.72623896599
9.45029044151
10.1526768208
10.8562896252
11.582845211
12.2856919765
12.9881560802
13.7121405602
14.4351396561
15.1158072948
15.7979409695
16.5682301521
17.2703437805
17.972492218
18.7652170658
19.4702486992
20.2167098522
20.8975508213
21.6225097179
22.34699893
23.0271599293
23.7078335285
24.4567594528
25.1812918186
25.8831157684
26.6316788197
27.2903692722
28.0144958496
28.6983377934
29.4237585068
