3.55339002609
4.05646276474
4.56282544136
5.0668797493
5.63893675804
6.18860912323
6.75766181946
7.28488397598
7.85584807396
8.40269255638
8.93120551109
9.50281453133
10.050286293
10.6004173756
11.1284036636
11.6546368599
12.2485859394
12.7991895676
13.3256547451
13.8749651909
14.4027519226
14.9743874073
15.5461864471
16.074326992
16.6448054314
17.1742227077
17.7234499454
18.2714006901
18.8209578991
19.3922729492
19.9201478958
20.4702692032
21.0200631618
21.5681090355
22.1197371483
22.691767931
23.2393403053
23.7897520065
24.361415863
24.9100649357
25.4382829666
25.988049984
26.557444334
27.0848815441
27.6563608646
28.182082653
28.7538180351
29.3039126396
