4.21422743797
4.6859960556
5.3485648632
6.01203536987
6.69593644142
7.40647935867
8.1355202198
8.8642013073
9.56937551498
10.2739131451
11.0059275627
11.7141139507
12.4413194656
13.1514012814
13.8584771156
14.5867543221
15.3173491955
16.0238802433
16.7544765472
17.4163804054
18.0788271427
18.7882697582
19.4526190758
20.1164710522
20.9141242504
21.7075438499
22.5028278828
23.1654179096
23.9391150475
24.6027464867
25.3980982304
26.1052184105
26.8147089481
27.5653920174
28.2944242954
29.0005633831
29.7319500446
