3.70509719849
4.25417208672
4.80467844009
5.30893492699
5.88163614273
6.43121671677
6.95948910713
7.48859429359
8.01411676407
8.60699439049
9.22242045403
9.79387021065
10.3629701138
10.9344220161
11.4188454151
11.900744915
12.3847875595
12.8674962521
13.3725659847
13.8992152214
14.4695956707
14.973388195
15.5232059956
16.0507667065
16.5767486095
17.171667099
17.6994128227
18.1815447807
18.6666975021
19.2808699608
19.8088345528
20.3591086864
20.8855895996
21.413544178
21.9860491753
22.5129425526
23.0855107307
23.5915753841
24.1618440151
24.6676084995
25.2165486813
25.7663064003
26.2935469151
26.8416316509
27.3700613976
27.9411818981
28.446865797
28.9967195988
29.5463821888
