3.83171415329
4.51132082939
5.17027854919
5.82926106453
6.50959157944
7.16955256462
7.80664515495
8.48905658722
9.1485953331
9.82897162437
10.4881677628
11.1463778019
11.8061113358
12.4660949707
13.1266756058
13.78632164
14.4454996586
15.1277480125
15.7863698006
16.445679903
17.1045804024
17.7639605999
18.4228334427
19.1049528122
19.7633121014
20.4441621304
21.1026756763
21.7610230446
22.4203920364
23.0326957703
23.7165293694
24.3967583179
25.0771706104
25.737500906
26.3974509239
27.056599617
27.6718864441
28.3757052422
29.0344429016
29.7160651684
