3.39828491211
3.90312600136
4.43084311485
4.91522264481
5.41886806488
5.94773435593
6.38816666603
6.89513015747
7.42399835587
7.90602421761
8.4122698307
8.90565419197
9.40079545975
9.92609739304
10.3895385265
10.8732154369
11.3791303635
11.8843214512
12.3911745548
12.8731226921
13.380402565
13.886143446
14.3700125217
14.8739516735
15.3797543049
15.8845236301
16.3899810314
16.8946049213
17.4003946781
17.881690979
18.3889358044
18.8709654808
19.3770546913
19.8819549084
20.3895494938
20.8926270008
21.3980500698
21.880158186
22.3859827518
22.892478466
23.3750267029
23.8813800812
24.385122776
24.91401577
25.3965682983
25.8818554878
26.385477066
26.8699982166
27.3960323334
27.8804957867
28.3845276833
28.8905200958
29.3949849606
