3.78817200661
4.23152899742
4.69240498543
5.15734434128
5.64506745338
6.11004590988
6.57459354401
7.0379281044
7.48249864578
7.94663977623
8.41370916367
8.87744784355
9.36488962173
9.8112847805
10.2979519367
10.7418198586
11.2270867825
11.668866396
12.1562933922
12.5954170227
13.0321602821
13.5425937176
14.0061702728
14.4479734898
14.9115302563
15.3780822754
15.8850002289
16.3273849487
16.7691671848
17.2544853687
17.7198953629
18.1828663349
18.6443607807
19.0878033638
19.5510594845
19.9951732159
20.4618630409
20.9269862175
21.3923089504
21.8556697369
22.3424303532
22.7842047215
23.2488965988
23.7343153954
24.1979186535
24.6389789581
25.12570858
25.5899026394
26.0553321838
26.4974453449
26.9616107941
27.4255452156
27.889942646
28.3545520306
28.8422813416
29.2829830647
29.7911019325
