3.64182949066
4.12264585495
4.73900032043
5.2880384922
6.55276894569
7.20624637604
8.27025270462
8.58438324928
9.22147226334
9.76884531975
10.3195111752
10.8695752621
11.4637804031
12.0999798775
12.7061319351
13.2235205173
13.8382635117
14.3879992962
15.0478715897
15.6865429878
16.1827828884
16.8961479664
17.4462578297
18.0376703739
18.587397337
19.1810722351
19.8398845196
20.5203752518
21.0287621021
21.5765721798
22.1922709942
22.7868111134
23.369784832
23.8421320915
24.3283867836
24.8108992577
25.2844035625
25.7788071632
26.2632160187
26.7469542027
27.3091738224
27.8035390377
28.265358448
28.748759985
29.2117524147
29.6730208397
