3.40380716324
3.90841650963
4.4327917099
4.91853880882
5.42102909088
5.99286842346
6.56531763077
7.11397743225
7.59645938873
8.12380051613
8.69294238091
9.2414355278
9.72386932373
10.2085504532
10.6912875175
11.2209949493
11.7292060852
12.2905802727
12.7838015556
13.2617080212
13.7635741234
14.2873709202
14.8340647221
15.3152685165
15.7945845127
16.2746665478
16.7556450367
17.3235521317
17.8693845272
18.4173288345
18.896559
19.5075354576
19.9891102314
20.4487233162
20.951551199
21.4311335087
22.0012381077
22.5022528172
23.0705375671
23.5951120853
24.075168848
24.6432919502
25.1891222
25.7344851494
26.2371551991
26.7162182331
27.1984972954
27.7653560638
