3.67258429527
4.17511963844
4.67606663704
5.2001054287
5.72384500504
6.2463452816
6.68366742134
7.20649909973
7.73077225685
8.21033906937
8.66873717308
9.10511255264
9.54203343391
10.1430900097
10.656039238
11.1135828495
11.5710253716
12.0300662518
12.5527534485
13.0123641491
13.4913752079
14.0373520851
14.5832467079
15.1271615028
15.6735160351
16.2200436592
16.7001883984
17.2461645603
17.7467579842
18.2274041176
18.6856086254
19.1115133762
19.5812554359
20.0171601772
20.5421411991
20.9786491394
21.4590053558
21.918035984
22.3752179146
22.8342709541
23.3353769779
23.8392596245
24.2969377041
24.8209497929
25.3227860928
25.7829222679
26.2404024601
26.7862567902
27.3313243389
27.8012318611
28.2696623802
28.750954628
29.2959942818
