3.60502552986
4.45374560356
5.37014818192
5.5320622921
6.05595231056
6.77132630348
7.4055390358
7.97301125526
8.77735447884
9.6077375412
10.4364144802
11.2894759178
12.1616191864
12.9478340149
13.753872633
14.4529407024
15.3042788506
16.0235805511
16.8551266193
17.6093080044
18.3848612309
19.257601738
20.0981388092
20.8073785305
21.4862091541
22.1848731041
22.8828938007
23.5804598331
24.257789135
24.826928854
25.3535344601
25.9216675758
26.4356284142
26.9693379402
27.602132082
28.1492698193
28.7153656483
29.2834236622
