3.64320635796
4.51618409157
5.52051448822
6.37396550179
6.53727936745
7.64890623093
8.50505757332
9.19955253601
9.80255579948
10.4187431335
11.1004769802
11.5949449539
12.1774199009
12.6812741756
13.1660807133
13.6936542988
14.1771595478
14.6585714817
15.1440861225
15.7591569424
16.33274436
16.8158357143
17.320879221
17.8241484165
18.3057744503
18.8972818851
19.4282155037
19.9573614597
20.5047154427
20.988660574
21.4715399742
22.0641255379
22.635379076
23.1626427174
23.6670718193
24.148935318
24.6998236179
25.2704334259
25.7746617794
26.3012058735
26.8286652565
27.4552459717
28.1016683578
28.7375881672
29.2884030342
29.8162069321
