3.74008965492
4.23421430588
4.83446717262
5.41238546371
5.9157743454
6.61314296722
7.05214166641
7.6211810112
8.21147203445
8.76947069168
9.28188872337
9.78514790535
10.3095796108
10.8360469341
11.4266777039
12.0165114403
12.584141016
13.1752867699
13.6573836803
14.2233109474
14.7049181461
15.2713973522
15.8179295063
16.2999322414
16.8454887867
17.4252479076
17.9289255142
18.3988852501
18.8791532516
19.4467027187
19.9287917614
20.4095699787
20.8904256821
21.3586513996
21.8071694374
22.3297901154
22.7904617786
23.2476949692
23.7501261234
24.2136070728
24.6936182976
25.1529011726
25.6981358528
26.2008850574
26.6584122181
27.1189758778
27.5764620304
28.0351192951
28.4921684265
28.9725248814
29.4316978455
