3.46306419373
4.11798405647
4.70994663239
5.28169393539
5.87619400024
6.46868228912
7.08336925507
7.69912195206
8.29156279564
8.90637040138
9.47820091248
10.0906352997
10.7075431347
11.3005843163
11.8723175526
12.4879558086
13.0803921223
13.6955475807
14.2886533737
14.881478548
15.496840477
16.0910401344
16.6820511818
17.2970452309
17.8902161121
18.484390974
19.0995466709
19.6926403046
20.2836403847
20.8986144066
21.5131886005
22.0849056244
22.7212970257
23.2906777859
23.8398272991
24.498565197
25.0494377613
25.6865749359
26.3237295151
26.9164955616
27.4885265827
28.104039669
28.6977095604
29.3119590282
