3.44845223427
4.33928155899
5.21294403076
5.24364495277
5.67928719521
6.55036759377
7.18183088303
7.88223838806
8.49225234985
9.10338330269
9.8009352684
10.4791316986
11.1557216644
11.919252634
12.5952339172
13.2079999447
13.8188955784
14.387283802
14.9316871166
15.5427899361
16.1425623894
16.8307402134
17.397769928
17.9433376789
18.488681078
19.0354814529
19.5815479755
20.2138056755
20.7499415874
21.3937048912
22.0157146454
22.5505387783
23.0730564594
23.6645555496
24.2552099228
24.8882176876
25.4107825756
26.0231113434
26.5490958691
27.2039279938
27.7510616779
28.3824932575
