3.51259970665
4.08251857758
4.6539170742
5.29027223587
5.90556168556
6.47654175758
7.06998896599
7.70655536652
8.29851365089
8.86959958076
9.4185655117
10.0757026672
10.6904430389
11.2816710472
11.8755121231
12.4931118488
13.107853651
13.6584048271
14.2925326824
14.8864839077
15.5025038719
16.0764062405
16.689469099
17.2822031975
17.9417896271
18.4893772602
19.1253676414
19.696968317
20.3112795353
20.903427124
21.5632736683
22.113130331
22.7067191601
23.2985014915
23.8698446751
24.5075836182
25.0792577267
25.6918678284
26.2854831219
26.8985705376
27.5553355217
28.1037020683
28.7185547352
29.2886359692
