3.47589683533
3.99796485901
4.45684313774
4.88202834129
5.30736589432
5.81107640266
6.2470395565
6.74973344803
7.23011946678
7.7107129097
8.19075727463
8.62662005424
9.08669924736
9.58761429787
10.0464704037
10.5693194866
11.0499181747
11.5283689499
12.0097110271
12.490295887
12.9703834057
13.4817278385
13.9960706234
14.4541039467
14.9569039345
15.4354269505
15.8944923878
16.3735749722
16.8547999859
17.3339529037
17.8358857632
18.3152503967
18.8179666996
19.2752201557
19.7552480698
20.2576255798
20.7368342876
21.2195966244
21.6774914265
22.1802794933
22.6820142269
23.1418983936
23.5994803905
24.0807294846
24.5818896294
25.0417921543
25.5436663628
26.001103878
26.5033614635
26.9612708092
27.4638562202
27.9428572655
28.4252519608
28.9046649933
29.3852975368
