3.84490871429
4.41348814964
5.08942866325
5.66675019264
5.98603582382
6.66088652611
7.29327702522
7.83951616287
8.47206878662
9.08136367798
9.75948357582
10.4145700932
11.0697762966
11.6353383064
12.2472047806
12.8369827271
13.4050071239
14.0174362659
14.6488711834
15.2172622681
15.8720781803
16.4189941883
17.030326128
17.6204550266
18.2513477802
18.841432333
19.4312751293
20.0218377113
20.6328597069
21.2222492695
21.7883050442
22.4219222069
23.0575842857
23.6256248951
24.2592291832
24.8274126053
25.438049078
26.0273199081
26.6174781322
27.2290868759
27.8410000801
28.4296114445
28.9745972157
29.6294519901
