3.42373847961
4.0362200737
4.60690045357
5.17858290672
5.66103887558
6.30916571617
6.87197256088
7.45179414749
7.99100065231
8.54112052917
9.10966300964
9.69507908821
10.2968876362
10.9128906727
11.4597439766
12.0953171253
12.6451041698
13.1931817532
13.7838406563
14.3760404587
14.9253721237
15.5632865429
16.1340298653
16.6808502674
17.2097113132
17.7817554474
18.3745589256
18.9234962463
19.5381999016
20.1528439522
20.7026042938
21.2304041386
21.847537756
22.4197845459
23.0120120049
23.5389943123
24.1136469841
24.7280080318
25.2570836544
25.828953743
26.3808624744
26.973749876
27.5422160625
28.0916786194
28.6847975254
29.3439626694
