3.76891732216
4.28698635101
5.32262039185
5.75364208221
6.08660340309
6.51455521584
7.08675193787
7.62374997139
8.17347931862
8.6678545475
9.15113186836
9.63339018822
10.0837638378
10.53358078
11.0384612083
11.5879251957
12.0521197319
12.5341465473
13.0846602917
13.5775265694
14.0509579182
14.5773823261
15.0182137489
15.4996805191
15.9399607182
16.4234905243
16.861250639
17.3006248474
17.7393307686
18.3108642101
18.835526228
19.3534526825
19.9001941681
20.4382851124
20.9660100937
21.4485049248
21.9558153152
22.4159681797
22.9235332012
23.382956028
23.8668150902
24.3724937439
24.9244449139
25.4077045918
25.9371211529
26.4846658707
26.9469439983
27.4094409943
27.8932363987
28.3545041084
28.8161842823
29.275015831
29.802937746
