3.6512336731
4.15794229507
4.64120173454
5.12638521194
5.59155154228
6.13360667229
6.73876357079
7.2047700882
7.68879413605
8.1522295475
8.68173861504
9.2153570652
9.67935943604
10.1445760727
10.6317322254
11.1600368023
11.6691975594
12.154260397
12.6398806572
13.1042730808
13.5684323311
14.0559597015
14.58502388
15.0512933731
15.5152747631
16.0012319088
16.4660232067
16.9299938679
17.396907568
17.8598380089
18.3458533287
18.8080191612
19.2720987797
19.7374629974
20.1982560158
20.6636276245
21.1329250336
21.5963630676
22.0636343956
22.5929543972
23.1030533314
23.5685005188
24.0325787067
24.4954478741
24.9798617363
25.4687833786
25.9766662121
26.4439623356
26.9069955349
27.3737325668
27.835914135
28.2983198166
28.7662787437
29.2303264141
