3.64053225517
5.03249311447
5.86816334724
6.83475208282
7.68862700462
8.61299753189
9.49282431602
10.3921787739
11.3598177433
12.2179825306
13.1195423603
14.0410251617
14.8776767254
15.7129528522
16.5461797714
17.3795099258
18.1797754765
18.9641458988
19.6769630909
20.2605314255
20.8088819981
21.5139043331
22.303788662
22.8575093746
23.363045454
23.8300495148
24.3355224133
24.8174159527
25.3022046089
25.9176723957
26.4433040619
26.8209550381
27.3037707806
27.7423174381
28.2710504532
28.712423563
29.151797533
29.5911624432
