3.79496097565
4.27687096596
4.8043384552
5.28679227829
5.81468200684
6.29642391205
6.75959062576
7.24173974991
7.7028298378
8.20912408829
8.70364713669
9.19770789146
9.67986702919
10.1866250038
10.6934170723
11.1973500252
11.6578047276
12.1212136745
12.5816931725
13.0883307457
13.5158290863
14.0112278461
14.5158824921
14.9788410664
15.4277853966
15.9883658886
16.470788002
16.9095056057
17.4146878719
17.8970580101
18.3378221989
18.842772007
19.3277003765
19.8320438862
20.3151664734
20.8199152946
21.2831330299
21.7655522823
22.2505292892
22.7328975201
23.1715404987
23.7003581524
24.1389124393
24.6668877602
25.1494400501
25.6341569424
26.1169335842
26.6007883549
27.0416514874
27.4823811054
27.9211544991
28.4468412399
28.8869144917
29.3254058361
29.7646632195
