3.87408351898
4.4884288311
5.10412693024
5.71984171867
6.33530426025
6.94960045815
7.56410765648
8.20010614395
8.79151535034
9.44988679886
10.0432937145
10.6585872173
11.2962141037
11.8896379471
12.5494656563
13.144313097
13.8468482494
14.4394788742
15.0096464157
15.6258065701
16.2188112736
16.8350200653
17.4939422607
18.0877437592
18.7248456478
19.3170816898
19.9560647011
20.5706839561
21.1642627716
21.8014848232
22.395434618
23.0114657879
23.6470928192
24.2830700874
24.9884815216
25.6002628803
26.3053228855
26.8971271515
27.4693145752
28.0414919853
28.6136240959
29.2262752056
29.8414092064
30.4571402073
