3.87475275993
4.4908823967
5.0661919117
5.66199231148
6.21404314041
6.78872108459
7.38667583466
7.98477816582
8.54029178619
9.13535141945
9.70962285995
10.2413163185
10.9080686569
11.5039572716
12.0803277493
12.6528213024
13.2306246758
13.8292729855
14.4022319317
14.9986674786
15.5750205517
16.1725251675
16.7240712643
17.2787489891
17.8521130085
18.447633028
19.1118359566
19.6661951542
20.1998581886
20.7960722446
21.3934099674
21.9686787128
22.5208337307
23.1160919666
23.7134666443
24.3340375423
24.868442297
25.4664206505
26.0411231518
26.6167991161
27.1965527534
27.7934069633
28.3877384663
29.0294210911
29.5601029396
