3.84864711761
4.48184680939
5.07090091705
5.63906383514
6.42289495468
6.94972848892
7.58234024048
8.19453692436
8.80608677864
9.41580915451
10.0052976608
10.6596958637
11.2937169075
11.9079840183
12.5206720829
13.1322331429
13.8310859203
14.3996839523
15.0540463924
15.6201770306
16.2532250881
16.8427166939
17.4537518024
18.0870609283
18.719653368
19.3310678005
19.9638507366
20.572381258
21.1618778706
21.8160951138
22.3843221664
23.017819643
23.6750147343
24.2866055965
24.876396656
25.5105450153
26.1424210072
26.7531199455
27.386578083
27.9968881607
28.5853960514
29.2184708118
29.8524610996
30.4630379677
