3.79762268066
4.25808334351
4.72780060768
5.22037100792
6.04975962639
6.38485980034
6.91057157516
7.39266729355
7.8755300045
8.37934064865
8.86313915253
9.34762573242
9.83120346069
10.3149161339
10.8426001072
11.3920888901
11.8755993843
12.4028222561
12.9089381695
13.3931920528
13.8761370182
14.3847389221
14.8668441772
15.3511295319
15.8563036919
16.338411808
16.8858466148
17.3705677986
17.8756346703
18.4249625206
18.996273756
19.5662331581
20.0931963921
20.6438550949
21.1494560242
21.6810524464
22.1626114845
22.6678230762
23.1729941368
23.700981617
24.2052528858
24.7122571468
25.2195999622
25.7241280079
26.2512631416
26.7545304298
27.2603244781
27.7629611492
28.2710931301
28.7974002361
29.2798573971
29.7862548828
