3.77534580231
4.27904701233
4.7392103672
5.19843530655
6.54754805565
6.55874800682
7.04014420509
7.48006892204
7.94042897224
8.4227347374
8.86209607124
9.756264925
10.9365108013
11.9467051029
12.9564356804
13.9456641674
14.8724966049
15.3622024059
15.6313369274
16.1578636169
17.5916917324
18.149232626
18.9158418179
19.1428482533
19.5838341713
20.0248961449
20.4740188122
20.9682967663
21.4725561142
22.8884260654
23.8564507961
24.8664419651
25.8763320446
26.840413332
27.7684643269
28.7338695526
29.6122357845
