3.81650972366
4.55955481529
5.34900569916
5.61854338646
6.13437700272
6.71434903145
7.19793128967
7.67879700661
8.23876452446
8.91833281517
9.52217411995
10.1019134521
10.6722826958
11.2105791569
11.8038420677
12.5083315372
13.0786380768
13.6954352856
14.2649371624
14.8378293514
15.441339016
16.0226156712
16.5747845173
17.166490078
17.8067867756
18.4208610058
18.8828558922
19.4149150848
19.9827086926
20.6416890621
21.346394062
21.9802172184
22.5628523827
23.2114059925
23.7827031612
24.4419765472
25.1436638832
25.7387936115
26.4195756912
26.9941067696
27.6540236473
28.2252855301
28.7659404278
29.2826755047
