3.67392134666
4.13327431679
4.6122367382
5.07130122185
5.6907954216
6.46444749832
7.16229891777
7.77321219444
8.40764451027
8.94367218018
9.32943224907
9.78762841225
10.3342382908
10.8786907196
11.4265727997
11.905421257
12.3649199009
12.8228442669
13.3699243069
13.8285982609
14.330548048
14.7892386913
15.3142712116
15.8372826576
16.2988238335
16.756704092
17.2173061371
17.676460743
18.1553633213
18.6798846722
19.1607382298
19.6396641731
20.1196608543
20.5790710449
21.0800974369
21.5394792557
22.0398261547
22.4985809326
23.0229721069
23.4826602936
23.9837312698
24.4867413044
24.9436306953
25.4035620689
25.9266047478
26.3860838413
26.9305844307
27.3900604248
27.869436264
28.3294377327
28.8305504322
29.2885744572
29.8133349419
