3.75665712357
4.36751246452
5.03222894669
5.61231255531
6.20426440239
6.83629274368
7.41339635849
8.03623485565
8.62586760521
9.23731637001
9.82690024376
10.3711218834
11.0257053375
11.6361372471
12.2695212364
12.9240095615
13.4709861279
14.082357645
14.6946418285
15.2391195297
15.8722958565
16.4394514561
17.0943508148
17.7266948223
18.3171594143
18.9062829018
19.5387568474
20.0870876312
20.7200672626
21.3322942257
21.9213197231
22.5762052536
23.1425569057
23.7761714458
24.3653738499
24.9112241268
25.5871157646
26.1339786053
26.8107764721
27.3986024857
27.9894821644
28.5791313648
29.2116508484
29.8242888451
