3.87604117393
4.55593204498
5.19260597229
5.85206389427
6.55419921875
7.19241261482
7.85103034973
8.55351114273
9.18992137909
9.87208604813
10.5319917202
11.2110791206
11.8695099354
12.5280051231
13.187703371
13.8688235283
14.5269896984
15.1864492893
15.8647520542
16.524728775
17.2034788132
17.884790659
18.5425903797
19.223492384
19.8626770973
20.5429122448
21.1992619038
21.8773276806
22.5150654316
23.216753006
23.8536372185
24.5559542179
25.1922733784
25.8737342358
26.5526895523
27.1901922226
27.8926079273
28.5310165882
29.2315042019
