3.53434324265
4.08106398582
4.62864041328
5.11133813858
5.63664960861
6.14200973511
6.67020225525
7.22019600868
7.68103861809
8.18561625481
8.66915440559
9.19529223442
9.67797422409
10.1630692482
10.6459009647
11.1728253365
11.6796205044
12.1609663963
12.6436769962
13.1279342175
13.5879580975
14.0497632027
14.5554120541
15.0388236046
15.4995071888
15.9606323242
16.4223334789
16.8823142052
17.3448550701
17.8487994671
18.3327374458
18.7918403149
19.2542879581
19.7157158852
20.178109169
20.6402256489
21.1020803452
21.5660233498
22.0262870789
22.4852411747
22.9502842426
23.4331204891
23.8971171379
24.3563141823
24.9049713612
25.3897705078
25.8940134048
26.3548493385
26.8391075134
27.3434064388
27.8029391766
28.2692465782
28.771838665
29.2557148933
