3.87550282478
4.83985042572
5.35016798973
5.70625758171
6.23382735252
6.97671890259
7.44248199463
7.90246081352
8.36269021034
8.82471489906
9.37451720238
9.8776614666
10.3877434731
10.8705627918
11.3981542587
11.8815209866
12.408769846
12.8711094856
13.5601096153
14.3363037109
14.9517867565
15.6303963661
16.2460401058
16.9676697254
17.5825071335
18.1991024017
18.9016976357
19.5403003693
20.1567277908
20.7950644493
21.3869609833
22.111063242
22.8117091656
23.427759409
24.1083111763
24.7900676727
25.4072210789
26.0439133644
26.7677378654
27.4937160015
28.1519095898
28.8359680176
29.5177128315
