3.43424153328
4.04271221161
4.59043669701
5.17969155312
5.72612380981
6.2735478878
6.84163546562
7.36441707611
7.88838171959
8.47845840454
9.08969521523
9.6133518219
10.268415451
10.813501358
11.5012161732
12.187864542
12.9077446461
13.6282439232
14.3282077312
14.9608075619
15.6821122169
16.359038353
17.1257994175
17.8240838051
18.4346957207
19.1324820518
19.7650313377
20.4437232018
21.1421561241
21.8185987473
22.6037442684
23.2483272552
23.9810013771
24.614118576
25.3130638599
25.9677205086
26.6879944801
27.2903287411
27.912550211
28.4805176258
29.1133637428
29.7266252041
