3.47872114182
4.00155043602
5.24735808372
5.31091547012
5.74870872498
6.24965310097
6.70869779587
7.18805098534
7.64568948746
8.08309984207
8.51941871643
8.95639014244
9.39329528809
9.82892823219
10.2881760597
10.7239041328
11.1606891155
11.5983772278
12.0996303558
12.6236627102
13.1256411076
13.5629374981
13.9984824657
14.4340965748
15.1086466312
15.6561205387
16.2892737389
16.9225332737
17.5323774815
18.0346093178
18.6465530396
19.2686891556
19.7806389332
20.3700404167
20.873459816
21.3755366802
21.879247427
22.4023857117
22.9046752453
23.4069211483
23.9103972912
24.4119665623
25.0245206356
25.5925431252
26.09461236
26.5959916115
27.2075748444
27.8406152725
28.3202211857
28.974984169
29.5429234505
