3.60453557968
4.23567056656
4.95767498016
5.59067845345
6.29951477051
6.96441698074
7.64236283302
8.31804466248
9.0368874073
9.66910600662
10.3672299385
11.0661668777
11.7638990879
12.4181790352
13.1169445515
13.7482380867
14.4923000336
15.1466822624
15.7791993618
16.5007073879
17.1337833405
17.8531029224
18.5726211071
19.2269330025
19.8613791466
20.5816087723
21.2138221264
21.95698452
22.6330757141
23.3326122761
24.0097975731
24.6642289162
25.2980279922
26.0406477451
26.6951684952
27.4149558544
28.0478606224
28.6814546585
29.3582921028
30.055675745
30.667624712
