3.42721772194
4.39367485046
5.22441339493
6.05358767509
6.19311118126
7.34054780006
8.19331550598
8.42063713074
8.90265870094
9.65310096741
10.1252040863
10.6164150238
11.1313138008
11.6553924084
12.1141290665
12.5713517666
13.1166272163
13.6400763988
14.2061543465
14.687942028
15.1681396961
15.7359280586
16.238420248
16.7184729576
17.2646138668
17.7443721294
18.4073884487
19.1795122623
19.8771340847
20.6632187366
21.0170609951
21.5848696232
22.0637872219
22.5445532799
22.9926989079
23.529050827
24.0104601383
24.5476672649
25.0271995068
25.5844433308
26.1095573902
26.5667204857
27.114356041
27.5940072536
28.0546989441
28.534954071
28.9947702885
29.4740746021
