3.45492553711
4.04181408882
4.58792114258
5.17940568924
5.8119289875
6.33433961868
6.85914611816
7.40432691574
7.97174906731
8.60516524315
9.23825001717
9.8271291256
10.3498663902
10.8751065731
11.443192482
11.9879527092
12.5121941566
13.1015846729
13.6468062401
14.1723313332
14.8262598515
15.4591674805
16.2105660439
16.8862476349
17.3569657803
18.0111713409
18.6217083931
19.2328488827
19.7561149597
20.3235638142
21.1723356247
21.6335866451
22.373226881
23.0286483765
23.6615264416
24.2953531742
24.9297676086
25.6274325848
26.2603428364
26.8082444668
27.3524847031
27.931725502
28.4452331066
29.0776734352
29.6010606289
