3.61739873886
4.12178421021
4.58227491379
5.11080646515
5.57070207596
6.20729207993
6.69126272202
7.15353822708
7.8101773262
8.35823321342
8.86506748199
9.37141180038
9.87823557854
10.3175978661
10.7804329395
11.2406353951
11.7261872292
12.2308325768
12.7366449833
13.2623100281
13.8553702831
14.3836488724
14.8871695995
15.4377434254
15.9420046806
16.4248473644
17.0175914764
17.5877256393
18.0931551456
18.5971865654
19.102581501
19.8693306446
20.4847843647
21.099919796
21.6305112839
22.2431838512
22.8148386478
23.3212695122
23.9116425514
24.483574152
24.990557909
25.6274514198
26.2838828564
27.0741865635
27.7981061935
