3.34607839584
4.0198802948
4.69540643692
5.3731045723
6.04979848862
6.70375275612
7.40271759033
8.03647112846
8.69087815285
9.36793589592
10.0013120174
10.6772489548
11.3968336582
12.0308618546
12.6855974197
13.3400273323
14.0162148476
14.7145507336
15.3258993626
16.0487668514
16.679936409
17.358881712
18.0137474537
18.7112283707
19.3448882103
20.0218069553
20.6989574432
21.3103916645
21.943092823
22.5527193546
23.164642334
23.7783372402
24.5196247101
25.2627804279
26.0043888092
26.6373810768
27.3369898796
27.9908652306
28.6671593189
29.3879420757
