3.80956292152
4.24954867363
4.73461675644
5.17726230621
5.67365193367
6.10653328896
6.57033610344
7.03556251526
7.47775578499
7.9185256958
8.40252757072
8.87855172157
9.86758971214
11.0446329117
12.0372276306
12.9857652187
13.9616873264
14.3988018036
14.6257460117
15.1497850418
15.6795146465
16.1904559135
16.7319278717
17.2057328224
17.6700592041
18.1250367165
18.6000361443
19.9120774269
20.8613870144
21.7425589561
22.7367417812
23.7336623669
24.6882355213
25.6819667816
26.6986086369
27.6491782665
28.5972971916
29.6153531075
