3.89991259575
4.7797036171
5.7215783596
5.9275765419
6.26119875908
7.05700850487
7.5446741581
7.92867040634
8.43628525734
9.15629410744
9.74901843071
10.2778933048
10.9163057804
11.488214016
12.0828680992
12.6559147835
13.2712128162
13.8659818172
14.4394264221
15.0315072536
15.6037597656
16.2173614502
16.7873117924
17.425416708
17.9738121033
18.5440747738
19.1589002609
19.7077326775
20.3437538147
20.9124541283
21.506196022
22.1013777256
22.7153046131
23.3542926311
23.8801646233
24.4514641762
25.0251386166
25.6620781422
26.2085676193
26.8457639217
27.5053837299
28.1661713123
28.7155122757
29.3093600273
29.9021062851
