3.48220133781
4.44204640388
4.88739442825
5.15903067589
5.73972964287
6.31106996536
6.81707525253
7.33170151711
7.88108944893
8.40870428085
8.93586301804
9.48618197441
10.0009155273
10.5182521343
11.0685946941
11.6171371937
12.1889286041
12.7602028847
13.2416775227
13.7255625725
14.2077696323
14.6936569214
15.2691707611
15.8431096077
16.2875292301
16.8431699276
17.3106527328
17.777725935
18.2434270382
18.8091063499
19.3995649815
19.8872067928
20.421892643
20.9306354523
21.416973114
21.9677782059
22.4778957367
22.9650557041
23.4548583031
23.9071464539
24.3644938469
24.8397283554
25.4171023369
25.9786822796
26.5541400909
27.0626261234
27.6403150558
28.2144892216
28.7231523991
29.2760052681
