3.85385656357
4.48289465904
5.09860897064
5.71350550652
6.89207744598
7.25178599358
8.09332084656
8.54657721519
9.13793158531
9.77502298355
10.3685660362
10.9405908585
11.5134429932
12.0823802948
12.6542508602
13.2700977325
13.8402643204
14.4099507332
14.9813592434
15.6396973133
16.2546181679
16.8700380325
17.4636795521
18.1015467644
18.7152786255
19.3326239586
19.9687199593
20.5620307922
21.1999020576
21.8162212372
22.4321730137
23.0256388187
23.6613233089
24.2986524105
25.0031261444
25.6852197647
26.3870911598
27.0685896873
27.6841847897
28.2998046875
28.8907401562
29.5271306038
30.1650960445
