3.62883329391
4.17425203323
4.6531419754
5.15558409691
5.64535784721
6.17001867294
6.74866247177
7.22783517838
7.70863485336
8.21102690697
8.69265270233
9.21557021141
9.71794772148
10.2194082737
10.750402689
11.2552940845
11.7641210556
12.2497177124
12.7995457649
13.2818658352
13.7879445553
14.2705559731
14.7756063938
15.3095963001
15.8169476986
16.3228924274
16.8286890984
17.3371427059
17.8194954395
18.3469777107
18.8528439999
19.337141037
19.8649609089
20.3961584568
20.8790712357
21.3834397793
21.875726223
22.4266557693
22.9125976562
23.3948998451
23.9015436172
24.4288263321
24.912153244
25.4371817112
25.9441587925
26.4706990719
26.9549915791
27.4612774849
27.9441795349
28.4929237366
28.998789072
29.5053749084
