3.87072634697
4.53134393692
5.21485877037
5.88020324707
6.54392576218
7.18284249306
7.84404945374
8.52902150154
9.19365572929
9.87874054909
10.5412659645
11.2264227867
11.8452978134
12.5293588638
13.1913490295
13.8759536743
14.5379035473
15.203949213
15.848934412
16.5114400387
17.1962513924
17.8586547375
18.5221076012
19.1876461506
19.8765513897
20.5386331081
21.2212197781
21.8838503361
22.5463724136
23.2075264454
23.8680903912
24.5522537231
25.2148919106
25.8551280499
26.5412220955
27.2045617104
27.889231205
28.5277175903
29.167734623
