3.57628536224
4.25624060631
4.92638015747
5.59715557098
6.25406002998
6.9335474968
7.61304497719
8.29667592049
8.95644807816
9.61952662468
10.3217360973
10.9832596779
11.6491205692
12.3280322552
13.0071465969
13.6655378342
14.3442251682
15.0269804001
15.6851131916
16.3643226624
17.0651316643
17.7243132591
18.4064207077
19.0651266575
19.7456655502
20.4268805981
21.1077375412
21.7681980133
22.4506108761
23.1087520123
23.7665696144
24.4752113819
25.1347823143
25.8157606125
26.4744067192
27.0891103745
27.8350346088
28.5138576031
29.1729826927
