3.39027786255
3.86874175072
4.30421376228
4.74148750305
5.1770131588
5.6569750309
6.15939736366
6.68212842941
7.20626950264
7.70893239975
8.20948314667
8.75475239754
9.32083725929
9.82439684868
10.3249166012
10.828243494
11.4610373974
11.9625768661
12.4877817631
13.0335268974
13.903008461
14.5586290359
15.2992227077
15.9532959461
16.6073141098
17.2295129299
17.8513493538
18.5929248333
19.0330076218
19.7729282379
20.4059176445
21.1247544289
21.888573885
22.6751739979
23.4387276173
24.0609998703
24.6836059093
25.2204270363
25.6789472103
26.3022880554
26.8055932522
27.3071053028
27.8102152348
28.3993813992
28.9434769154
29.5126230717
30.1238563061
