3.90832662582
4.49571895599
5.06636714935
5.65586447716
6.22529101372
6.79242944717
7.38269114494
7.97383594513
8.58531403542
9.1551887989
9.70131850243
10.3132152557
10.9237012863
11.5136787891
12.0812106133
12.6487851143
13.2164888382
13.80641675
14.3963184357
14.9854063988
15.5765726566
16.1662261486
16.735871315
17.3055181503
17.8292169571
18.4629120827
19.0967819691
19.6645832062
20.2312350273
20.7771444321
21.3904516697
21.9801945686
22.5259814262
23.11526227
23.7271687984
24.3161695004
24.8638246059
25.4515788555
26.0411143303
26.6519834995
27.1987261772
27.8329191208
28.3786849976
29.0346870422
29.559268713
