3.47632598877
4.10668206215
4.67534470558
5.24396061897
5.83359789848
6.46539855003
7.07715654373
7.66708135605
8.27854776382
8.88973093033
9.47977781296
10.0459418297
10.6349925995
11.3129963875
11.9029963017
12.5358865261
13.0827002525
13.7373352051
14.3047711849
14.9173398018
15.484382391
16.1173460484
16.6845486164
17.25172925
17.8843944073
18.49680233
19.0651550293
19.6333239079
20.288326025
20.8992862701
21.4880821705
22.0350775719
22.6686282158
23.3021428585
23.8692121506
24.4585394859
25.0693492889
25.6370127201
26.270185709
26.8160119057
27.4711928368
28.0383708477
28.6924152374
29.2388851643
29.8935725689
