3.76397705078
4.34798192978
5.17158460617
6.22135019302
6.45212507248
7.04278993607
7.57091331482
8.09771227837
8.62662816048
9.30722999573
10.0107774734
10.6477954388
11.2867758274
11.9461956024
12.5842442513
13.242623806
13.9460234642
14.606313467
15.3302311897
15.9247775078
16.5622680187
17.2214062214
17.8141953945
18.4053125381
18.9993567467
19.6369259357
20.2965300083
20.8912718296
21.5943334103
22.275393486
22.9349780083
23.6597487926
24.2557823658
24.9797348976
25.6160752773
26.2754554749
26.9357221127
27.5733239651
28.2107312679
28.8933777809
29.5753929615
30.301366806
30.961553812
