3.57865977287
4.23610401154
4.91186451912
5.58630275726
6.27334237099
6.91318535805
7.60260057449
8.26964497566
8.95395827293
9.64051103592
10.3023579121
10.9194428921
11.6473801136
12.3106415272
12.9978401661
13.6609063148
14.3480210304
15.0316450596
15.6968502998
16.3601398468
17.0476317406
17.7076442242
18.3921260834
19.0555939674
19.743221283
20.4102535248
21.0931210518
21.7810134888
22.4222860336
23.1070306301
23.7917866707
24.4570689201
25.1214368343
25.8063783646
26.4680998325
27.1542987823
27.8418016434
28.5072174072
29.1710681915
