4.11712861061
5.01495051384
5.09315228462
5.59665584564
6.0818104744
6.56350827217
7.00275588036
7.44299602509
7.90445780754
8.36591959
9.01096892357
10.1565792561
10.9456493855
11.7066390514
12.4527893066
13.3837819099
14.2481122017
15.0699338913
15.9494314194
16.7825605869
17.6412489414
18.364667654
19.1575787067
19.9687690735
20.6842477322
21.3549423218
21.8205802441
22.392178297
22.9623265266
23.4777853489
23.9825143814
24.542986393
25.1359558105
25.7727110386
26.409334898
26.9584112167
27.509185791
28.0696144104
28.6956825256
29.5288946629
