3.51998829842
3.96650028229
5.20568990707
5.67889332771
5.92738556862
6.37563180923
6.89713335037
7.43459272385
7.90960979462
8.35999107361
8.81584119797
9.28729820251
9.73784160614
10.1945850849
10.6420812607
11.2509720325
11.801956892
12.3623473644
12.834196806
13.3178036213
13.9779868126
14.614480257
15.2949507236
15.9335141182
16.5930523872
17.2073664665
17.8450703621
18.4157619476
18.9993445873
19.5151047707
20.152279377
20.7011845112
21.2523596287
21.8005728722
22.4596178532
23.0976626873
23.6922464371
24.2849705219
24.9221167564
25.4476854801
26.0182242393
26.6545808315
27.248459816
27.7765376568
28.3905234337
