3.552983284
4.18653941154
4.82275509834
5.37114953995
6.05133485794
6.62321162224
7.26023340225
7.80867767334
8.46557354927
9.08051776886
9.76023292542
10.451356411
11.1245172024
11.7842650414
12.4190604687
13.1014027596
13.7595858574
14.350410223
14.9644496441
15.5803804398
16.2385184765
16.8761341572
17.4606940746
18.043201685
18.6568078995
19.3145673275
19.9092550278
20.4812352657
21.162653923
21.7335453033
22.3692884445
22.9611332417
23.5989687443
24.2581226826
24.8276333809
25.3783357143
26.0373048782
26.5842020512
27.2689163685
27.8401734829
28.5008141994
29.1584653854
29.7080321312
