3.81295394897
4.40719771385
5.05490207672
5.60629153252
6.92857503891
7.2448849678
7.88333797455
8.49774098396
9.08811497688
9.74784231186
10.2972822189
10.8925700188
11.4643874168
12.1233735085
12.8051187992
13.4080870152
13.9569885731
14.5833864212
15.1985025406
15.8362290859
16.4089491367
17.0219128132
17.5937645435
18.1879789829
18.80377388
19.375415802
20.0125734806
20.6047916412
21.1774199009
21.793230772
22.4085419178
22.9786205292
23.6376476288
24.2313840389
24.8034522533
25.4181368351
26.0330321789
26.6260211468
27.2386636734
27.8108799458
28.4497511387
28.9996602535
29.6166040897
