3.56425905228
4.0652794838
4.54631114006
5.02519917488
5.54903817177
6.38677573204
6.77265262604
7.25155925751
7.81958985329
8.29937005043
8.91994929314
9.61691355705
10.2820181847
11.0565259457
11.7010860443
12.3558483124
13.010389328
13.5785703659
14.2562775612
14.9771158695
15.6111292839
16.2878255844
16.9426295757
17.5541708469
18.2198021412
18.8433878422
19.5311961174
20.1985275745
20.799728632
21.3793509007
22.0018079281
22.6022205353
23.3210551739
23.9100944996
24.5194973946
25.1748006344
25.8082251549
26.5310993195
27.1867997646
27.8225803375
28.5203814507
29.1750657558
