3.63992881775
4.1682908535
4.65099835396
5.15657234192
5.66066551208
6.17735981941
6.65039277077
7.17739152908
7.70323562622
8.22061491013
8.69210457802
9.19749093056
9.70341396332
10.2079007626
10.7244653702
11.2394857407
11.7449705601
12.2705924511
12.7767095566
13.2593502998
13.8327810764
14.3155019283
14.7997899055
15.2827978134
15.7905790806
16.340950489
16.8231515884
17.3303735256
17.8122243881
18.3624222279
18.8449141979
19.3954954147
19.8769292831
20.3610765934
20.8657348156
21.372140646
21.8971607685
22.4247317314
22.9085540771
23.4122965336
23.896723032
24.4439270496
24.9282901287
25.4318091869
25.9151227474
26.4629383087
26.9487419128
27.4766385555
27.9600074291
28.487575531
28.9950180054
29.5017559528
