3.63907456398
4.25081753731
4.87905621529
5.48459601402
6.14092731476
6.82255148888
7.57390236855
8.21062517166
8.91210865974
9.62670087814
10.3846511841
11.1306428909
11.702069521
12.2956285477
12.9095168114
13.5013985634
14.0933763981
14.6844353676
15.2808535099
15.8755970001
16.4704298973
17.084307909
17.6354608536
18.3275494576
18.9862844944
19.6564810276
20.2933821678
20.8984620571
21.6361122131
22.3383972645
22.9313514233
23.6562926769
24.3133225441
25.0179920197
25.718688488
26.2911584377
26.8838176727
27.5647747517
28.2262885571
28.7985019684
29.297015667
