3.50664687157
4.07562565804
4.64745521545
5.218719244
5.7890253067
6.23078584671
6.99851632118
7.59235024452
8.16215276718
8.7546684742
9.39066052437
10.0946903229
10.7977080345
11.5026597977
12.1393010616
12.8202495575
13.5017864704
14.0931994915
14.7080276012
15.3454825878
15.9172847271
16.6198921204
17.2351930141
17.8493621349
18.5298185349
19.1445763111
19.8036072254
20.3769032955
20.9894504547
21.6365015507
22.2416040897
22.8578383923
23.4743175507
24.0783040524
24.6612713337
25.2099220753
25.7158198357
26.2877759933
26.8820514679
27.4964599609
28.0900447369
28.6730511189
29.1447827816
29.6733648777
