3.77292585373
4.33159351349
5.36604523659
5.59146952629
6.11506533623
6.63691949844
7.11805582047
7.66258096695
8.30558633804
8.92712783813
9.52651309967
10.2473208904
10.9562606812
11.6889555454
12.3542206287
13.0090181828
13.6416037083
14.306999445
14.9725234509
15.5627169609
16.1525790691
16.7418026924
17.3313264847
17.865834713
18.3588607311
18.8603596687
19.3957705498
19.9735770226
20.5967404842
21.2082309723
21.8395328522
22.3755807877
22.8567457199
23.4231829643
24.0669691563
24.7878167629
25.3987212181
25.9875657558
26.5554597378
27.1664874554
27.8958749771
28.5953524113
29.1840314865
29.7425813675
30.2439153194
30.9084448814
31.5205242634
