3.62541770935
4.61595964432
5.15527105331
5.40578436852
5.84824323654
6.37912988663
6.82104706764
7.35101628304
7.88445782661
8.37055468559
8.88026642799
9.36513781548
9.8090531826
10.3368117809
10.7831847668
11.2686612606
11.7083508968
12.1531364918
12.5946946144
13.1686944962
13.6345751286
14.187731266
14.7592918873
15.181081295
15.7102131844
16.2419595718
16.728041172
17.258638382
17.7675480843
18.2943329811
18.780652523
19.287889719
19.7745406628
20.2408995628
20.848880291
21.4265294075
22.0749487877
22.649605751
23.2690868378
23.8655631542
24.4174692631
25.0375921726
25.6129465103
26.2320034504
26.8509044647
27.5125851631
28.1802945137
28.8452379704
29.3764007092
