4.25379180908
4.30548286438
5.00185489655
5.54904818535
6.00786375999
6.66123270988
7.07869625092
7.62323188782
8.18910503387
8.80081033707
9.38830447197
10.0872457027
10.6546523571
11.2449831963
11.8778412342
12.5325903893
13.1441984177
13.8209221363
14.5213029385
15.1969401836
15.8521773815
16.4189209938
17.07330513
17.6846420765
18.3606257439
19.0600426197
19.5856816769
20.1744236946
20.6767892838
21.2550961971
21.7673301697
22.3145627975
22.8612570763
23.4281537533
23.9952569008
24.4979097843
25.044267416
25.5529601574
26.1913759708
26.7847073078
27.3339445591
27.9295861721
28.5006988049
29.1407294273
