3.33436489105
3.94540286064
4.557502985
5.19474029541
5.80908060074
6.43443083763
7.03775405884
7.763453722
8.35705733299
9.01662158966
9.63019251823
10.2147963047
10.8782556057
11.5015671253
12.0814735889
12.7619657516
13.3962335587
14.0224189758
14.6604585648
15.3392190933
16.0200986862
16.5907628536
17.1844081879
17.8651995659
18.4562726021
19.0945682526
19.7308180332
20.3887674809
21.0915439129
21.6621043682
22.256629467
22.8746781349
23.5339317322
24.2147819996
24.8067946434
25.4426660538
26.0575668812
26.6296219826
27.3308427334
28.0353357792
28.6264357567
29.2402961254
