3.60782003403
4.05434346199
4.52503037453
4.98340821266
5.44375872612
5.90249156952
6.31700468063
6.79772090912
7.25504970551
7.71396207809
8.1719853878
8.63042974472
9.09031820297
9.6569237709
10.1920180321
10.7926905155
11.6093206406
12.2875335217
12.898008585
13.6929445267
14.5421068668
15.3080971241
15.9108200073
16.3407173157
16.8856768608
17.4763915539
17.9900462627
18.5142006874
19.092839241
19.6622023582
20.1414375305
20.622825861
21.2012896538
21.7128334045
22.2365541458
22.8492612839
23.3503158092
23.9412593842
24.5194597244
25.0531690121
25.664434433
26.1895210743
26.8238708973
27.3049218655
27.8291909695
28.3300795555
28.9416329861
29.5329453945
