3.72226834297
4.37189817429
5.149538517
5.89589357376
6.66585540771
7.32612752914
8.09552550316
8.75367259979
9.48008561134
10.138792038
10.8642041683
11.5339589119
12.2949612141
12.9972493649
13.6347775459
14.2722742558
14.9533667564
15.6781754494
16.3823606968
17.0427429676
17.7942974567
18.5655312538
19.3123400211
20.0375010967
20.7411158085
21.4671823978
22.1703500748
22.8728561401
23.5546085835
24.278824091
24.9595975876
25.7080738544
26.3889369965
27.0745449066
27.7997300625
28.5246012211
29.2055914402
