3.85905385017
4.45839476585
5.10607933998
5.69624996185
6.35556101799
6.92762970924
7.54803943634
8.14885568619
8.81673669815
9.41450214386
10.0763442516
10.6506249905
11.270257473
11.8701467514
12.5119447708
13.0859735012
13.7728564739
14.3502206802
14.9951906204
15.5473246574
16.1903386116
16.8149456978
17.4570307732
18.0576202869
18.6983766556
19.2944037914
19.9403328896
20.4952170849
21.1516885757
21.7784049511
22.4021139145
23.0023834705
23.6038885117
24.2248835564
24.8469867706
25.4678564072
26.0939760208
26.7197844982
27.3856930733
27.941067934
28.5647289753
29.1413514614
29.80641222
