3.48535060883
4.29427552223
4.7271733284
5.09572458267
5.64446139336
6.19486069679
6.72049355507
7.18340706825
7.68738722801
8.15200090408
8.65760564804
9.12065172195
9.62444496155
10.1101093292
10.5705444813
11.0790760517
11.9303171635
12.6108181477
13.2488596439
13.8858668804
14.5246155262
15.1398479939
15.7536714077
16.3472197056
16.9208621979
17.3198778629
17.8025276661
18.3528661728
18.9008591175
19.3862373829
19.8689241409
20.4203374386
20.9493260384
21.4760708809
22.1335175037
22.9005453587
23.6015608311
24.1757626534
24.6407074928
25.1687917709
25.6534273624
26.1787438393
26.7298822403
27.1924722195
27.6525616646
28.1802041531
28.6398231983
29.1702466011
29.6301124096
