3.63371348381
4.19490170479
4.6278128624
5.11245632172
5.6170899868
6.44670748711
6.73881483078
7.20122122765
7.66232299805
8.4607937336
9.03417634964
9.63836240768
10.231657505
10.660681963
11.1350073814
11.6193449497
12.0716478825
12.5871691704
13.1811864376
13.6643576622
14.1598026752
14.7102975845
15.2513709068
15.8438658714
16.4412584305
16.9665100574
17.4734530449
18.014497757
18.5956580639
19.0819756985
19.5436577797
20.0285093784
20.5114912987
20.9989490509
21.4834086895
21.9903776646
22.473597765
22.9157991409
23.3772981167
23.8597838879
24.4106287956
24.8707370758
25.3352854252
25.7964522839
26.2598090172
26.7204368114
27.1829273701
27.6447532177
28.1060481071
28.5700376034
29.052421093
29.5149760246
