3.83791828156
4.42023205757
4.96892476082
5.5290415287
5.97871923447
6.40910029411
7.03221869469
7.51723742485
8.05561614037
8.56421804428
9.07225942612
9.5584692955
10.0399878025
10.5258495808
11.0299687386
11.5139789581
11.9967370033
12.480697155
12.9620149136
13.4466428757
13.9291055202
14.4572615623
14.9628875256
15.5122597218
16.0839993954
16.6316404343
17.2035593987
17.6877515316
18.2138061523
18.7849826813
19.2919006348
19.7962656021
20.3242013454
20.8718116283
21.3985426426
21.8817636967
22.3887460232
22.9602820873
23.4435203075
23.928204298
24.4550943375
24.9402608871
25.422359705
25.9071748257
26.3895885944
26.8748121262
27.3585298061
27.8400967121
28.3689489365
28.8538243771
29.3583991528
29.8438775539
