3.40180516243
3.92573571205
4.7341811657
5.39351701736
6.00867271423
6.66801190376
7.34828329086
7.94346642494
8.53770160675
9.26247859001
9.94286513329
10.6689779758
11.261646986
11.8562948704
12.4482233524
13.0422079563
13.7022845745
14.3182532787
14.9572775364
15.550839901
16.2769491673
16.9028770924
17.5068893433
18.1452403069
18.7829229832
19.373847723
20.0117371082
20.6057291031
21.2428684235
21.838767767
22.5408067703
23.265714407
23.9248478413
24.5186667442
25.2438130379
25.859610796
26.4539818764
27.157191515
27.8164792061
28.4532892704
29.0476791859
29.7284038067
