3.50362205505
4.34435892105
5.04144048691
5.615265131
6.25256705284
6.67193651199
7.52454400063
8.11803555489
8.66968464851
9.22057533264
9.68362236023
10.2784831524
10.8712229729
11.4426310062
11.9469027519
12.4533216953
12.9575014114
13.4629278183
14.0338218212
14.5399384499
15.0467271805
15.5512304306
16.1891202927
16.6960208416
17.2451002598
17.8180084229
18.3224468231
18.8512978554
19.3245801926
19.8393981457
20.3467509747
20.8189380169
21.4451959133
22.0392758846
22.599001646
23.1596944332
23.6889908314
24.3258631229
24.9405152798
25.4885663986
25.9952793121
26.5874183178
27.1348097324
27.6412043571
28.1897256374
28.8064267635
29.3994226456
