3.40037941933
3.92512845993
4.47541284561
4.95847201347
5.42130804062
5.88198924065
6.44989323616
6.84929609299
7.47473216057
8.10149717331
8.7392706871
9.37722373009
9.94855213165
10.4997644424
11.0697658062
11.5756094456
12.0823774338
12.5869255066
13.1157972813
13.6624701023
14.2137420177
14.7853815556
15.3337783813
15.9491121769
16.5646178722
17.1803972721
17.7082340717
18.322479248
18.8197011948
19.3045334816
19.9723405838
20.5662779808
21.095968008
21.7111737728
22.2152271271
22.7650108337
23.2704865932
23.7769668102
24.2844073772
24.8120405674
25.6234006882
26.4578361511
27.2055528164
27.930485487
28.676877737
29.4469118118
