3.6179292202
4.08179736137
4.52085614204
4.98109412193
5.42355298996
6.03762245178
6.58590340614
7.13703870773
7.68573832512
8.17063212395
8.67510342598
9.22324776649
9.79572868347
10.2779426575
10.7622938156
11.2449359894
11.7292871475
12.2993996143
12.8739142418
13.4361972809
13.9848027229
14.6099219322
15.225890398
15.7774217129
16.2828159332
16.7671973705
17.3173894882
17.8669579029
18.3511192799
18.8340632915
19.3291842937
19.866412878
20.525765419
21.1212041378
21.626111269
22.1205866337
22.6704552174
23.2309134007
23.7384991646
24.2886676788
24.7713654041
25.2574932575
25.7395517826
26.2699050903
26.7960774899
27.368594408
27.9406483173
28.5113492012
28.9961512089
29.4996540546
