3.42055916786
3.92352676392
4.40543437004
4.91149353981
5.37284255028
5.90135741234
6.40622758865
6.88879561424
7.39363431931
7.87617945671
8.38233757019
8.86528873444
9.37248086929
9.87612581253
10.3818528652
10.8658187389
11.3722856045
11.854796648
12.3609392643
12.8430459499
13.3711295128
13.8322131634
14.3381433487
14.8430018425
15.3060572147
15.8317444324
16.3179085255
16.8240332603
17.3068230152
17.7894179821
18.2960107327
18.8007445335
19.2846729755
19.745398283
20.2752764225
20.7595472336
21.2685222626
21.7725622654
22.2571225166
22.7626998425
23.2674915791
23.7493834496
24.236124754
24.7614731789
25.2471268177
25.7076265812
26.1914110184
26.7400615215
27.2018997669
27.7080161572
28.2145447731
28.7192089558
29.2045257092
29.6868751049
