3.72824430466
4.23496317863
4.84832692146
5.44101333618
6.05783033371
6.58545136452
7.06912469864
7.59772014618
8.19013571739
8.69572401047
9.18022298813
9.72907447815
10.3230054379
10.8303701878
11.3344087601
11.9290719032
12.4364886284
13.0072247982
13.6230473518
14.1069850922
14.5900318623
15.0957248211
15.6000192165
16.1163051128
16.7321155071
17.3461258411
17.974177599
18.5237374306
19.09760499
19.6738598347
20.2766554356
20.7936449051
21.3624343872
21.8481829166
22.3888554573
22.9157352448
23.5325710773
24.1265938282
24.6335265636
25.116358757
25.645093441
26.1277484894
26.6141107082
27.228344202
27.8223657608
28.3303775787
28.9457895756
29.5614686012
