3.75311350822
4.44018578529
5.07559013367
5.59324979782
6.03305244446
6.68919444084
7.37017035484
7.94168329239
8.51303243637
9.17233204842
9.72043061256
10.4132466316
11.0171537399
11.6218714714
12.1937329769
12.9919657707
13.8251645565
14.6184489727
15.451870203
15.8965508938
16.4485058784
17.04103899
17.699511528
18.2819058895
18.8882853985
19.4832584858
20.1652040482
20.715763092
21.3291935921
21.9887781143
22.5826957226
23.2424185276
23.7921962738
24.4291574955
25.1106657982
25.792416811
26.4299764633
27.1127612591
27.7506084442
28.3652458191
29.0456004143
29.7269918919
