3.82299423218
4.33471131325
4.88158774376
5.36002397537
6.06780219078
6.64700317383
7.26700735092
7.93421244621
8.52482366562
9.07011342049
9.56157827377
10.1148433685
10.6509370804
11.2050933838
11.7102754116
12.2024288177
12.7338881493
13.3770804405
14.0656425953
14.5986671448
15.1820759773
15.7412517071
16.3587703705
17.0086238384
17.578145504
18.150427103
18.810151577
19.4715425968
20.1114454269
20.7510223389
21.4320061207
22.0480797291
22.6410665512
23.27932024
23.8949770927
24.509023428
25.1035337448
25.6973142624
26.3805253506
26.9535722733
27.5909740925
28.1869397163
28.8000013828
29.3720228672
