3.44438290596
3.88307571411
4.429271698
4.91303348541
5.48426008224
5.94556570053
6.4520406723
6.89104223251
7.33068919182
7.83695864677
8.49449157715
9.06451153755
9.57143115997
10.1443822384
10.7372400761
11.2636175156
11.8352916241
12.3863210678
12.8906030655
13.3970816135
13.8798127174
14.3651733398
14.8698370457
15.375525713
15.988543272
16.559961319
17.132338047
17.6366109848
18.1437990665
18.7385635376
19.2861814499
19.8794841766
20.4087135792
20.9581520557
21.4411923885
21.9242665768
22.4746100903
22.9800982475
23.4624736309
23.9692242146
24.5611977577
25.1336996555
25.7509391308
26.3661930561
26.9812650681
27.5972030163
28.166898489
28.6953144073
29.2899925709
29.8371975422
