3.86133313179
4.36403894424
4.91451120377
5.44268894196
5.97012042999
6.52146315575
7.04872179031
7.54478192329
8.10692977905
8.63212656975
9.16089105606
9.70868039131
10.2581870556
10.7639920712
11.2686216831
11.7768626213
12.2917368412
12.8309497833
13.3135020733
13.8638932705
14.3918166161
14.919280529
15.4252858162
15.9967243671
16.5224189758
17.0506486893
17.554671526
18.1064908504
18.6343021393
19.1166992188
19.688477993
20.2138702869
20.7424380779
21.2479019165
21.7553350925
22.2845640182
22.8110308647
23.3626565933
23.8888111115
24.4180910587
24.9245605469
25.4511659145
26.0027556419
26.5076849461
27.0148086548
27.543585062
28.0688130856
28.5967817307
29.0799181461
29.6293711662
