3.33663272858
3.83943629265
4.36615800858
4.95966672897
5.34456515312
5.81894731522
6.34541392326
6.78587770462
7.26929879189
7.73155713081
8.20401382446
8.68611001968
9.18218326569
9.68753790855
10.1623346806
10.5912492275
11.0319328308
11.4711070061
12.00908494
12.5019373894
13.054213047
13.5146222115
13.975269556
14.4391283989
14.9004247189
15.4290692806
15.8891932964
16.3521661758
16.900645256
17.3642346859
17.8908879757
18.4418361187
18.9925842285
19.5416548252
20.0040810108
20.464597702
20.9263949394
21.4313566685
21.9165794849
22.3990597725
22.8817443848
23.3678851128
23.8276600838
24.2908685207
24.7951829433
25.2583088875
25.80636096
26.357288599
26.8886415958
27.4378619194
27.9019412994
28.4499139786
28.9132509232
29.3739812374
