3.87162518501
4.44019365311
4.96779370308
5.49508023262
6.06854248047
6.64053559303
7.30025458336
7.85076284409
8.68166303635
9.57825088501
10.4469108582
11.3132691383
12.1049156189
12.7861497402
13.1648859978
13.7145063877
14.2648296356
14.8152623177
15.3628816605
16.0223586559
16.6804916859
17.2084491253
17.7376608849
18.3079547882
18.8809454441
19.4525702
19.9570913315
20.4644670486
20.9706280231
21.4857773781
22.0349211693
22.5718326569
23.1005623341
23.5834386349
24.0814566612
24.5763499737
25.168869257
25.6756474972
26.1581537724
26.7216887474
27.3053059578
27.9116785526
28.4268686771
28.9976661205
29.5690491199
