3.74948644638
4.21222662926
4.73800158501
5.28788161278
5.81525754929
6.34338736534
6.8498210907
7.35413408279
7.83827614784
8.32079696655
8.80503463745
9.31033182144
9.77284502983
10.2553577423
10.7191019058
11.247081995
11.7326328754
12.1936733723
12.7000946999
13.1824831963
13.6436142921
14.1285150051
14.6112906933
15.0981333256
15.5807712078
16.0660963058
16.5267460346
17.0334067345
17.5158333778
17.999808073
18.4617416859
18.9232120514
19.4305331707
19.8904981613
20.3768963814
20.8588805199
21.3212935925
21.7826128006
22.2883548737
22.749276638
23.2227973938
23.6731169224
24.1549909115
24.6278865337
25.1002664566
25.563280344
26.045873642
26.5556254387
26.9953687191
27.4792313576
27.9632182121
28.401668787
28.8870303631
29.3258280754
29.8108501434
