3.43604445457
4.28696155548
5.10145401955
5.78226113319
6.50591349602
7.27495527267
8.02471375465
8.81511044502
9.56432700157
10.2770636082
10.8646330833
11.6861240864
12.4869685173
13.189125061
13.9603834152
14.6640768051
15.4777312279
16.0950307846
16.5597987175
17.3691825867
18.2998719215
19.0258893967
19.5665969849
19.9418721199
20.4487588406
20.9120037556
21.3967003822
21.9473898411
22.4957315922
22.9802010059
23.4853930473
24.0908756256
24.6076729298
25.0905971527
25.5754349232
26.1330521107
26.8448204994
27.4386491776
27.9916982651
28.5394525528
29.1127603054
29.7082605362
