3.93985819817
4.3935303688
4.72654485703
5.15720558167
5.61760807037
6.1236782074
6.56215882301
7.00129032135
7.44300341606
7.88334202766
8.36542415619
9.06726169586
9.83569049835
10.4483385086
11.1536121368
11.8557293415
12.5140483379
13.1707251072
13.7636811733
14.3794989586
15.1074912548
15.8357076645
16.5389275551
17.2195560932
17.9437713623
18.5595881939
19.1752636433
19.7919957638
20.4083118439
21.1159436703
21.7527885437
22.3888444901
23.026778698
23.7307043076
24.5012660027
25.1609725952
25.7995035648
26.4366548061
27.0308251381
27.7776141167
28.4357504845
29.0750524998
29.7116892338
