3.42155003548
3.90346670151
4.40826296806
4.88168740273
5.39614892006
5.88079762459
6.38515162468
6.8914680481
7.37390017509
7.87927913666
8.40808200836
8.86884260178
9.37562942505
9.87971019745
10.3866028786
10.8917462826
11.3756985664
11.8372821808
12.3876471519
12.8703012466
13.3553822041
13.8155696392
14.3648102283
14.8682579994
15.3534584045
15.8573071957
16.3429207802
16.8465986252
17.3313071728
17.7930293083
18.3210954666
18.8052556515
19.3336908817
19.7941300869
20.3002989292
20.8079614639
21.2938838005
21.7778799534
22.2845156193
22.7693881989
23.275094986
23.7580931187
24.2432820797
24.7240834236
25.2299921513
25.7125496864
26.2019946575
26.6880559921
27.2197630405
27.7039055824
28.1949915886
28.6568124294
29.1921000481
29.6789414883
