3.72844195366
4.17016363144
4.67456126213
5.13930082321
5.6772134304
6.67037153244
6.93946003914
7.71578240395
8.37323904037
8.89331197739
9.55253911018
10.1582078934
10.7955486774
11.3426868916
11.9245550632
12.4972786903
13.1785895824
13.7045593262
14.2344491482
14.7631385326
15.3771717548
15.9265060425
16.4793038368
17.1165766716
17.6206247807
18.214101553
18.7429401875
19.3600375652
19.9738183022
20.5252327919
21.0968849659
21.6504983902
22.1768538952
22.7492022514
23.2544634342
23.8059427738
24.4003691673
24.9045484066
25.4115605354
26.018797636
26.55661726
27.0412549973
27.6567072868
28.1612036228
28.6898441315
29.1932682991
29.8085756302
