3.42804837227
4.36182141304
4.63032221794
5.0674803257
5.54831504822
6.03801822662
6.57379388809
7.03109645844
7.5441403389
8.08067798615
8.58078145981
9.12648272514
9.60616350174
10.120970726
10.6005175114
11.0713040829
11.572132349
12.1184735298
12.6209721565
13.1235158443
13.7362160683
14.3908958435
14.9373955727
15.5140440464
15.9834990501
16.5505566597
17.0305838585
17.5769245625
18.1213049889
18.6667673588
19.1674594879
19.6483485699
20.237446785
20.8030955791
21.3061261177
21.8752582073
22.487090826
22.9662966728
23.5336334705
24.0352363586
24.5275011063
25.0185043812
25.5216119289
26.0221610069
26.5034627914
26.9944498539
27.5074965954
28.0986242294
28.5563621521
29.0472545624
29.559350729
