3.91305708885
4.41352009773
4.94762659073
5.43928050995
6.04851984978
6.55224204063
7.05386781693
7.58245849609
8.12797117233
8.62919378281
9.21833205223
9.72130322456
10.244020462
10.8332893848
11.4448583126
12.0340056419
12.622171402
13.1253528595
13.6932995319
14.1946511269
14.805049181
15.3730015755
15.9622635841
16.5077767372
17.0112969875
17.5788547993
18.1010022163
18.6035246849
19.1503372192
19.7179009914
20.2637434006
20.7660527229
21.2887949944
21.8792033195
22.4462723732
23.0348267555
23.627737999
24.1092774868
24.6765115261
25.2223470211
25.7268178463
26.2292733192
26.7761616707
27.3198029995
27.8875710964
28.3893539906
28.8686108589
29.3492612839
29.8940284252
