3.7709748745
4.40511369705
5.29354166985
6.22599363327
6.39162540436
7.30910420418
8.07574725151
8.56126236916
9.19923353195
9.81532740593
10.4293818474
10.9246399403
11.3909757137
11.8630299568
12.3479135036
12.8303518295
13.3586571217
13.842467308
14.3246591091
14.8309576511
15.3142604828
15.7992076874
16.3742220402
16.8557281494
17.428776741
18.0079522133
18.5781934261
19.1321444511
19.6136217117
20.1463317871
20.6361625195
21.1208300591
21.6478059292
22.2020864487
22.6909608841
23.2183375359
23.7700130939
24.3437814713
24.828868866
25.321154356
25.8106775284
26.3452270031
26.8001468182
27.27810359
27.7611227036
28.2916984558
28.8401472569
29.3337533474
29.7970814705
