3.36871552467
3.8704829216
4.3921380043
4.85617542267
5.27251267433
5.71186327934
6.23352718353
6.66953396797
7.10731768608
7.6312084198
8.06888484955
8.50514793396
8.96345663071
9.42338442802
9.85972952843
10.2971830368
10.7330524921
11.2560281754
11.7582216263
12.2604396343
12.6961035728
13.1968128681
13.6990983486
14.1344246864
14.6594254971
15.160115242
15.6419959068
16.0781595707
16.5391077995
17.0400745869
17.4757463932
17.9578077793
18.4596302509
18.8982839584
19.3555846214
19.90254879
20.4679605961
20.9934523106
21.4973983765
22.0415182114
22.5447151661
23.1123065948
23.6575818062
24.1607172489
24.6841027737
25.2295455933
25.7333362103
26.2775797844
26.8232104778
27.3921995163
27.9387362003
28.4204039574
28.9215548038
29.4487330914
