3.73241448402
4.28148722649
4.91913580894
5.53868794441
6.20136499405
6.83805656433
7.4096019268
8.06745052338
8.63745570183
9.25031757355
9.79895496368
10.3930757046
10.9637773037
11.6238889694
12.3038566113
12.8549625874
13.5358557701
14.0853307247
14.634773016
15.2721848488
15.953006506
16.501996994
17.1601245403
17.7095973492
18.3950746059
18.9452066422
19.4046652317
19.8114991188
20.2798418999
20.7384138107
21.2209243774
21.6832067966
22.1460852623
22.6781251431
23.1846129894
23.6472241879
24.1092214584
24.6149294376
25.0731906891
25.4927589893
25.9780449867
26.5049357414
27.0118672848
27.537817955
28.0964374542
28.5249152184
28.987888813
29.4700801373
