3.77180433273
4.67806053162
5.54990005493
5.75527787209
6.26048398018
7.05197000504
7.46441960335
7.9581720829
8.48625993729
8.98698568344
9.46693015099
10.0115566254
10.5136017799
10.9504206181
11.4229056835
11.9126780033
12.3939759731
13.0907530785
13.6785204411
14.3548998833
14.9021537304
15.4700880051
16.2652423382
16.9408125877
17.5003376007
18.0462982655
18.6787340641
19.4507858753
20.398255825
21.2935833931
22.1004230976
22.6804325581
23.2614369392
23.9161989689
24.7340700626
25.2922611237
25.8383231163
26.3833875656
27.0386507511
27.7152647972
28.3916745186
29.0676791668
29.6145763397
