3.34675145149
3.89051938057
4.34803748131
4.87180662155
5.3397963047
5.83173203468
6.31290602684
6.90246462822
7.42710089684
7.97316670418
8.5424861908
9.10921239853
9.67728686333
10.2536931038
10.9304821491
11.3693225384
11.8817839622
12.407245636
12.8876452446
13.369297266
13.8477327824
14.4163825512
14.8961982727
15.4011893272
15.8497648239
16.3640575409
16.8211865425
17.2809412479
17.8039577007
18.2853138447
18.7444224358
19.2052056789
19.6847550869
20.1656911373
20.7004880905
21.2022659779
21.650785923
22.1110060215
22.6126117706
23.072373867
23.576141119
24.1011741161
24.5812427998
25.1280493736
25.6943485737
26.1318061352
26.5902826786
27.0944769382
27.552103281
28.0767846107
28.631790638
29.1795532703
29.6742036343
30.1543879509
30.7218825817
