3.36754107475
3.82381892204
4.28136920929
4.74065852165
5.17641496658
5.70186781883
6.31342053413
6.76742315292
7.24584436417
7.68643856049
8.13579773903
8.60438251495
9.10717654228
9.56071186066
9.97617769241
10.4484474659
10.927683115
11.3668630123
11.8223633766
12.3031108379
12.7386407852
13.1740999222
13.6769497395
14.1557545662
14.5929443836
15.0305981636
15.4664039612
15.9256339073
16.3834331036
16.8200149536
17.3449585438
17.7804889679
18.2192769051
18.6986453533
19.179261446
19.6804592609
20.1157171726
20.5529515743
20.9889478683
21.4249505997
21.8621265888
22.2977781296
22.8226830959
23.259632349
23.7413613796
24.2449553013
24.7696177959
25.2481842041
25.7729623318
26.2297568321
26.6653597355
27.1464557648
27.6687242985
28.127147913
28.563277483
29.0875024796
29.6100883484
30.0906522274
30.5262167454
30.9648821354
31.4004597664
