3.78019070625
4.2600851059
4.71766734123
5.24316906929
5.67893123627
6.24626255035
6.79456067085
7.33936309814
7.8628115654
8.41042351723
8.86826753616
9.32695579529
9.85032868385
10.3751542568
10.8324024677
11.3564369678
11.8131985664
12.2941532135
12.8193101883
13.2781145573
13.7795267105
14.2613258362
14.7213742733
15.2249474525
15.7498233318
16.3820440769
17.0163812637
17.6513795853
18.1745328903
18.7005264759
19.2237353325
19.7502944469
20.3622267246
20.886998415
21.4320757389
21.9573493004
22.5693347454
23.3545117378
24.0742890835
24.5997722149
25.0584685802
25.6261732578
26.1513061523
26.6737298965
27.2971792221
27.8115124702
28.4011290073
29.0106008053
