3.45504379272
3.95580554008
4.48041582108
4.96187996864
5.50674128532
6.23512864113
6.55384802818
7.0775873661
7.57883286476
8.18004059792
8.73674917221
9.21603822708
9.69771313667
10.145409584
10.6351134777
11.1806447506
11.6846113205
12.2507481575
12.8190681934
13.3448097706
13.8236482143
14.3700389862
14.8922502995
15.4385406971
15.9412808418
16.4206154346
16.9043841362
17.3833320141
17.906652689
18.4071416855
18.953741312
19.4543721676
19.9997210503
20.4809734821
21.0473241806
21.6138517857
22.1601696014
22.7254002094
23.2945761681
23.7745466232
24.3198747635
24.8012304306
25.2818715572
25.7631213665
26.2670645714
26.7513036728
27.3204290867
27.8484780788
28.4153192043
28.9162101746
29.4621348381
