3.64969182014
4.08730053902
4.54581975937
5.06922602654
5.6563475132
6.05175685883
6.53299093246
6.96852636337
7.44819998741
7.88316392899
8.32084226608
8.75605821609
9.21372079849
9.67320179939
10.1949326992
10.6973288059
11.1361207962
11.5748794079
12.0589506626
12.6617879868
13.3167140484
13.9603009224
14.4202256203
14.9672231674
15.4897913933
15.9930326939
16.6038706303
17.1058847904
17.6949295998
18.2193393707
18.7201371193
19.2120301723
19.6813411713
20.2063751221
20.7388453484
21.2401330471
21.7194201946
22.1890227795
22.6363909245
23.1057157516
23.5627510548
24.0656411648
24.5877399445
25.0897812843
25.5697751045
26.0285665989
26.6054012775
27.1626842022
27.7307159901
28.2530155182
28.7774548531
29.2571799755
29.7493131161
