3.58307504654
4.21558475494
4.84896087646
5.35196995735
5.85507106781
6.44535732269
6.96768188477
7.53784203529
8.08460402489
8.65071105957
9.22031998634
9.76614809036
10.3322429657
10.9432218075
11.4466342926
12.0136196613
12.5582931042
13.1906759739
13.8248884678
14.3282489777
14.8944573402
15.421462059
15.9680976868
16.4906246662
17.0169796944
17.6295001507
18.1763863564
18.767083168
19.3590881824
19.9296646118
20.4741361141
21.0208284855
21.5908041
22.1580207348
22.6823754311
23.2283577919
23.8200716972
24.3865728378
24.8908467293
25.4804708958
26.0038895607
26.6169581413
27.1207187176
27.6887631416
28.2359364033
28.8264305592
29.3701550961
