3.65053391457
4.17493677139
4.69801354408
5.13778781891
5.61708784103
6.61791467667
7.40651106834
8.12677073479
8.78233575821
9.50383901596
10.1590945721
10.6421177387
11.0828068256
11.5845346451
12.1682627201
12.7079641819
13.2759683132
13.7795183659
14.2822453976
14.7850470543
15.263964653
15.7444632053
16.2031416893
16.739184618
17.2650783062
17.8214912415
18.4111537933
18.9144194126
19.4165923595
19.9407789707
20.5523154736
21.14012146
21.6428365707
22.1684625149
22.6485192776
23.1292152405
23.6108968258
24.0901165009
24.5711784363
25.0511450768
25.5983495712
26.1015200615
26.6891043186
27.2787599564
27.8465464115
28.4164230824
29.0066659451
29.5310895443
