3.43278837204
3.97658586502
4.45789265633
4.93642449379
5.50480055809
5.83355522156
6.35791397095
6.85372328758
7.33569312096
7.80744194984
8.30975103378
8.79059815407
9.28239440918
9.7939081192
10.3165333271
10.8088219166
11.3974354267
11.887046814
12.3682219982
12.849956274
13.3756933212
13.919481039
14.5746939182
15.2287483215
15.7749972343
16.4526290894
17.1071443558
17.6527957916
18.1981859207
18.853212595
19.4976701736
20.0349593163
20.5835573673
21.0844078064
21.5875976086
22.1998200417
22.755335331
23.2608482838
23.7299335003
24.2114057541
24.7579004765
25.2491703033
25.8155379295
26.3262507915
26.8290052414
27.3746645451
27.8539428711
28.3011147976
28.8367729187
29.4258420467
