3.71314764023
4.38968348503
5.13099002838
5.87147116661
6.70021247864
7.3172659874
7.97142362595
8.6463701725
9.34696936607
10.0009756088
10.6343123913
11.0108606815
11.5560052395
12.0812289715
12.8199472427
13.538482666
14.1720979214
14.8048317432
15.4921071529
16.1157369614
16.7712745667
17.5680367947
18.1922185421
18.8754303455
19.5183553696
20.2270233631
20.7781937122
21.3677382469
21.9142830372
22.6554448605
23.331741333
23.9207820892
24.6192877293
25.4056723118
26.0838136673
26.7174544334
27.3722634315
28.1354351044
28.7681541443
29.4448792934
