3.92529273033
4.73343324661
5.45161890984
5.96774625778
6.84894561768
7.61593770981
8.40704512596
9.19398784637
10.0233550072
10.7218856812
11.1628928185
11.817346096
12.3853166103
13.0401723385
13.6718409061
14.2617399693
15.1522901058
15.6142435074
16.2034757137
16.8369436264
17.471010685
18.0173852444
18.6733849049
19.2414765358
19.8312726021
20.4416661263
21.0086047649
21.6418709755
22.1886777878
22.8221981525
23.4350273609
24.0471699238
24.7038846016
25.2733776569
25.7999508381
26.4321770668
27.0867846012
27.6546003819
28.1790225506
28.7696294785
29.3572695255
