3.62295460701
4.27851080894
4.88218307495
5.4144949913
6.02580285072
6.78860569
7.42220616341
8.03435587883
8.646017313
9.21546673775
9.7825319767
10.5263264179
11.1824917793
11.83684659
12.5341310501
13.1945211887
13.7839305401
14.4161205292
15.030403614
15.6007101536
16.2232813835
16.8127081394
17.4563376904
18.026042223
18.6620516777
19.2495379448
19.8425309658
20.4526154995
21.1300938129
21.7625133991
22.4385297298
22.9639949799
23.5318555832
24.098549366
24.6905012131
25.3463227749
25.9684591293
26.4721710682
27.0172116756
