3.64130330086
4.12379717827
4.64909625053
5.04516029358
5.48588180542
5.94791412354
6.43114829063
6.93573951721
7.41979217529
7.87995386124
8.38565778732
8.84694218636
9.28734493256
9.79454255104
10.3337352276
10.8273630142
11.2982487679
11.8734726906
12.4028840065
12.8610575199
13.3625998497
13.8220071793
14.2788853645
14.7382721901
15.1968867779
15.7209060192
16.2217566967
16.800588131
17.3120687008
17.8798520565
18.4046154022
18.9056618214
19.3881397247
19.9108028412
20.4570372105
21.0039117336
21.5484747887
22.1050512791
22.6847834587
23.285910368
23.8736155033
24.4738926888
25.0192656517
25.4986131191
26.0128054619
26.6050055027
27.1398558617
27.6866819859
28.2126758099
28.8016021252
29.3161678314
29.8051660061
30.3739542961
