3.92824912071
4.60453033447
5.23948192596
5.89509725571
6.70057988167
7.31254005432
7.98814058304
8.90275788307
9.48245835304
10.1366722584
10.8158798218
11.53733778
12.1915900707
12.9775798321
13.6347103119
14.3873362541
15.0900626183
15.7708542347
16.4678161144
17.1664025784
17.886783123
18.5861575603
19.2405331135
20.0271134377
20.6822702885
21.4239916801
22.0778057575
22.8630907536
23.5619628429
24.2836682796
24.9817998409
25.7022418976
26.3573708534
27.0782117844
27.7340395451
28.3893284798
29.0452573299
29.701556921
