3.58205580711
4.14724516869
4.77926898003
5.38965535164
5.78681254387
6.30964922905
6.85600233078
7.40188026428
7.92398428917
8.44946551323
8.97382044792
9.43241095543
9.97925400734
10.4368550777
10.9391393661
11.3870577812
11.8330643177
12.2920677662
12.7720270157
13.3187663555
13.8199748993
14.3450205326
14.8677370548
15.3706555367
15.828422308
16.2873609066
16.7446520329
17.2036268711
17.66086936
18.1180546284
18.5985097885
19.0560500622
19.5144329071
19.9953804016
20.4974348545
20.9766032696
21.4805657864
21.9384589195
22.4623527527
22.9215025902
23.4728929996
23.9748725891
24.4379076958
24.9194037914
25.5118815899
26.0423321724
26.586625576
27.0458958149
27.5699973106
28.0943319798
28.5954403877
29.1440968513
29.6018428802
