3.60643720627
4.04290342331
4.47955417633
5.00195288658
5.61250448227
6.28694939613
6.91845846176
7.42061400414
8.03012394905
8.42543315887
8.94857573509
9.38588142395
9.88693356514
10.3253381252
10.771532774
11.2409889698
11.7005059719
12.2682459354
12.7255761623
13.2361264229
13.9010746479
14.5341999531
15.1669390202
15.7793257236
16.3700966835
16.9596796036
17.4831736088
17.985871315
18.4651198387
19.0539765358
19.5778021812
20.079521656
20.5595610142
21.0392725468
21.5208201408
22.0464568138
22.6579735279
23.2275009155
23.7286007404
24.2752370834
24.7787737846
25.3457229137
25.8493831158
26.4391403198
26.9845221043
27.4645888805
27.9440982342
28.4470827579
