3.60462999344
4.16427373886
4.83183240891
5.40361237526
5.71628069878
6.80535769463
7.20604872704
7.86448264122
8.39167976379
8.87538647652
9.34792208672
9.86682248116
10.2636640072
10.7027962208
11.1627612114
11.602026701
12.0436332226
12.5256226063
13.0547637939
13.5381178856
13.9779648781
14.4603662491
14.9194042683
15.4036612511
15.8223090172
16.3069403172
16.8322114944
17.3427064419
17.8697719574
18.3813049793
18.8424067497
19.3059051037
19.7682192326
20.2534618378
20.7367844582
21.1763358116
21.6178236008
22.1244311333
22.5868577957
23.0465631485
23.487215519
23.9708528519
24.4533333778
24.9143276215
25.3976986408
25.8626453876
26.3022341728
26.8044931889
27.2452843189
27.7054793835
28.1873762608
28.6482973099
29.1094338894
29.5926859379
30.0741527081
30.5422911644
30.9821331501
31.4682199955
31.9536924362
