3.58378100395
4.08896946907
4.52689623833
5.02661514282
5.48779988289
5.96770453453
6.40697145462
6.84548854828
7.28356194496
7.72293376923
8.27823901176
8.76963615417
9.31363201141
9.8378071785
10.36272192
10.8637611866
11.4964239597
12.0425035954
12.6759579182
13.2433135509
13.725032568
14.2041392326
14.7747571468
15.3884129524
15.8675024509
16.3924372196
16.9604513645
17.5483529568
18.0511364937
18.5296814442
19.0334551334
19.5790965557
20.1905629635
20.7791960239
21.3255774975
21.8283936977
22.4173641205
22.9422063828
23.5309894085
24.0988202095
24.6023793221
25.0831756592
25.565486908
26.1138513088
26.680508852
27.2276189327
27.7963747978
28.4072256088
28.9964413643
29.5644519329
