3.60381960869
4.04037308693
4.47942852974
5.00094985962
6.36647295952
6.94877743721
7.24733757973
7.70696091652
8.15509152412
8.64574670792
9.19115376472
9.65090465546
10.085975647
10.5219862461
10.9591171741
11.3943824768
11.8421173096
12.3548789024
12.8126173019
13.3377912045
13.7958440781
14.2567019463
14.8020956516
15.3057258129
15.7857449055
16.2670755386
16.7252149582
17.249972105
17.7516582012
18.2320024967
18.7124326229
19.1714200974
19.7187669277
20.2670016289
20.746029377
21.2277243137
21.685505867
22.1672465801
22.7137765884
23.1748991013
23.6322319508
24.094315052
24.5524663925
25.0095202923
25.5367617607
26.060508728
26.5629239082
27.0651712418
27.6090042591
28.1115860939
28.569801569
29.0731098652
29.5758671761
