3.40898132324
4.12609744072
5.37501001358
5.43889451027
5.87455892563
6.37757062912
7.24557304382
8.35647892952
9.18881988525
10.0387284756
10.7069935799
11.3955171108
12.2025339603
12.8770773411
13.6598112583
14.510661602
15.2536585331
15.9294953346
16.5209012032
17.1523401737
17.7628493309
18.3964951038
18.9859273434
19.6018824577
20.2595107555
21.0204823017
21.7859342098
22.4855494499
23.164203167
23.8412313461
24.4737648964
25.1939949989
25.827529192
26.5610587597
27.2064843178
27.8608403206
28.5493438244
29.1825158596
29.8051893711
