3.42991805077
4.14670920372
4.82216644287
5.5232591629
6.24658274651
6.96631264687
7.6429233551
8.34118556976
9.01724672318
9.71724939346
10.4187202454
11.0972781181
11.7738823891
12.4510571957
13.1290767193
13.8072485924
14.5053167343
15.2031116486
15.8580839634
16.6003816128
17.2548205853
17.9773349762
18.6440649033
19.3513059616
20.0347976685
20.7409975529
21.42492342
22.1293373108
22.8179385662
23.5276992321
24.1972670555
24.8884959221
25.5779335499
26.2448964119
26.9743618965
27.6580996513
28.3415307999
29.0850379467
29.7274310589
