3.66961097717
4.22635602951
4.71640563011
5.2660908699
5.76863503456
6.31290602684
6.8361852169
7.35945296288
7.90758466721
8.4313762188
8.9559211731
9.50157809258
10.0465836525
10.5698525906
11.0735189915
11.5753371716
12.1216537952
12.6682276726
13.1917016506
13.7822191715
14.3501629829
14.8499929905
15.3319652081
15.8113377094
16.3167309761
16.9089748859
17.4110202789
17.9372158051
18.4829287529
18.9907238483
19.5384216309
20.0631594658
20.5662157536
21.110701561
21.615881443
22.1167707443
22.6630730629
23.1671710014
23.6462113857
24.1936097145
24.6962726116
25.2637526989
25.7679042816
26.2909727097
26.8161561489
27.3644580841
27.8460428715
28.34897089
28.8524546623
29.3790836334
