3.67321228981
4.17542862892
4.63457679749
5.15859556198
6.55630612373
6.64134502411
7.16476774216
7.60250544548
8.97505307198
9.48368406296
10.1841113567
10.8152017593
11.5580375195
12.2340242863
12.8898952007
13.5214254856
14.1973872185
14.7124524117
15.2476425171
15.6857435703
16.1874425411
16.6468241215
17.1695697308
17.6287121773
18.1942946911
18.6980879307
19.1787779331
19.6160230637
20.2722549438
20.8875582218
21.3687038422
21.8500578403
22.3540782928
22.9258537292
23.3861761093
23.968211174
24.5058078766
25.0503628254
25.5956165791
26.120275259
26.5988738537
27.079379797
27.5585269928
28.0825798512
28.5847892761
29.1965522766
29.7847964764
