3.84598112106
4.39279842377
4.93359827995
5.44922447205
5.93213558197
6.41434812546
6.9215631485
7.43102383614
7.91613316536
8.4907875061
8.97613382339
9.46235227585
10.0806388855
10.6081373692
11.0921738148
11.70556283
12.321187973
12.8049356937
13.3299343586
13.9225330353
14.4509520531
14.9534738064
15.4362220764
15.9397668839
16.4441783428
16.9265215397
17.4749078751
17.9800620079
18.5521831512
19.0606007576
19.6351335049
20.1636576653
20.7361118793
21.2648122311
21.77202034
22.3657016754
22.9134919643
23.4635052681
23.9714593887
24.4521987438
25.0664055347
25.5504972935
26.1674165726
26.7149870396
27.2641355991
27.8133006096
28.3820559978
28.8893463612
29.3715517521
