3.54034566879
4.01917266846
4.52256178856
5.06640553474
5.52618122101
6.15749645233
6.61597013474
7.11810517311
7.70623016357
8.44462323189
9.00290870667
9.48402881622
10.0288422108
10.6066949368
11.1103508472
11.7232751846
12.1815657616
12.6951947212
13.1868715286
13.6692137718
14.1938672066
14.6738510132
15.2425391674
15.727804184
16.2505977154
16.7963314056
17.3750743866
18.0608618259
18.8783798218
19.5880544186
20.3529777527
21.1182620525
21.8373923302
22.601722002
23.3023135662
23.9788036346
24.6114962101
25.3528673649
26.0534422398
26.7295496464
27.4071872234
28.1071689129
28.8066647053
29.4843552113
