3.36778235435
3.91146278381
4.45817995071
4.97996711731
5.43050479889
5.94514894485
6.59927582741
7.06094479561
7.51853013039
7.99897050858
8.45797610283
8.91554450989
9.44067168236
9.96359300613
10.4887833595
11.0134963989
11.5144851208
12.0185437202
12.4765636921
12.9594404697
13.4177594185
13.919857502
14.3994710445
14.9465489388
15.4045445919
15.9286897182
16.3862369061
16.9326593876
17.389380455
17.914242506
18.39382267
18.8529500961
19.3102955818
19.8584327698
20.4025120735
20.8612396717
21.3860433102
21.931661129
22.3889381886
22.8482456207
23.3925578594
23.9392039776
24.48614645
25.0105535984
25.4699676037
25.9705631733
26.5166783333
27.0634801388
27.5218660831
28.0470745564
28.5054888725
28.9641280174
29.4240477085
