3.81769704819
4.43157696724
5.06032419205
5.68488717079
6.30551958084
6.92044019699
7.5598423481
8.21818327904
8.83236789703
9.49285745621
10.0642063618
10.7245500088
11.3622677326
12.0018694401
12.6386563778
13.2139296532
13.8750803471
14.5137357712
15.1563658714
15.8149631023
16.4101183414
17.032535553
17.6694872379
18.3069024086
18.9223012924
19.5591249466
20.1951949596
20.8110597134
21.4688079357
22.0620603561
22.7446267605
23.3369796276
23.9945487976
24.6098303795
25.2465035915
25.8844101429
26.4562416077
27.1391191483
27.7345805168
28.3943612576
29.0357949734
29.6747572422
